00000080 1 1 1 1 40 00
00000080 1 1 1 2 40 00
00000080 1 1 1 3 40 00
00000080 1 1 1 4 40 00
00000080 1 1 1 5 40 00
00000080 1 1 1 6 40 00
00000080 1 1 1 7 40 00
00000080 1 1 1 8 40 00
00000080 2 1 1 1 40 01
00000080 2 1 1 2 40 01
00000080 2 1 1 3 40 01
00000080 2 1 1 4 40 01
00000080 2 1 1 5 40 01
00000080 2 1 1 6 40 01
00000080 2 1 1 7 40 01
00000080 2 1 1 8 40 01
00000080 3 1 1 1 40 02
00000080 3 1 1 2 40 02
00000080 3 1 1 3 40 02
00000080 3 1 1 4 40 02
00000080 3 1 1 5 40 02
00000080 3 1 1 6 40 02
00000080 3 1 1 7 40 02
00000080 3 1 1 8 40 02
00000080 4 1 1 1 40 03
00000080 4 1 1 2 40 03
00000080 4 1 1 3 40 03
00000080 4 1 1 4 40 03
00000080 4 1 1 5 40 03
00000080 4 1 1 6 40 03
00000080 4 1 1 7 40 03
00000080 4 1 1 8 40 03
00000080 5 1 1 1 40 04
00000080 5 1 1 2 40 04
00000080 5 1 1 3 40 04
00000080 5 1 1 4 40 04
00000080 5 1 1 5 40 04
00000080 5 1 1 6 40 04
00000080 5 1 1 7 40 04
00000080 5 1 1 8 40 04
00000080 6 1 1 1 40 05
00000080 6 1 1 2 40 05
00000080 6 1 1 3 40 05
00000080 6 1 1 4 40 05
00000080 6 1 1 5 40 05
00000080 6 1 1 6 40 05
00000080 6 1 1 7 40 05
00000080 6 1 1 8 40 05
00000180 1 1 1 1 40 00
00000180 2 1 1 1 40 01
00000180 3 1 1 1 40 02
00000180 4 1 1 1 40 03
00000180 5 1 1 1 40 04
00000180 6 1 1 1 40 05
00000181 1 1 1 2 40 00
00000181 2 1 1 2 40 01
00000181 3 1 1 2 40 02
00000181 4 1 1 2 40 03
00000181 5 1 1 2 40 04
00000181 6 1 1 2 40 05
00000182 1 1 1 3 40 00
00000182 2 1 1 3 40 01
00000182 3 1 1 3 40 02
00000182 4 1 1 3 40 03
00000182 5 1 1 3 40 04
00000182 6 1 1 3 40 05
00000183 1 1 1 4 40 00
00000183 2 1 1 4 40 01
00000183 3 1 1 4 40 02
00000183 4 1 1 4 40 03
00000183 5 1 1 4 40 04
00000183 6 1 1 4 40 05
00000184 1 1 1 5 40 00
00000184 2 1 1 5 40 01
00000184 3 1 1 5 40 02
00000184 4 1 1 5 40 03
00000184 5 1 1 5 40 04
00000184 6 1 1 5 40 05
00000185 1 1 1 6 40 00
00000185 2 1 1 6 40 01
00000185 3 1 1 6 40 02
00000185 4 1 1 6 40 03
00000185 5 1 1 6 40 04
00000185 6 1 1 6 40 05
00000186 1 1 1 7 40 00
00000186 2 1 1 7 40 01
00000186 3 1 1 7 40 02
00000186 4 1 1 7 40 03
00000186 5 1 1 7 40 04
00000186 6 1 1 7 40 05
00000187 1 1 1 8 40 00
00000187 2 1 1 8 40 01
00000187 3 1 1 8 40 02
00000187 4 1 1 8 40 03
00000187 5 1 1 8 40 04
00000187 6 1 1 8 40 05
00000200 1 1 1 1 40 00

