00000022 0 0 0 0 0 10 00
00000022 1 0 0 0 0 10 01
00000022 2 0 0 0 0 10 02
00000022 3 0 0 0 0 10 03
00000022 4 0 0 0 0 10 04
00000022 5 0 0 0 0 10 05

00000022 0 0 0 1 1 10 00
00000022 1 0 0 1 1 10 01
00000022 2 0 0 1 1 10 02
00000022 3 0 0 1 1 10 03
00000022 4 0 0 1 1 10 04
00000022 5 0 0 1 1 10 05

00000022 0 0 0 2 2 10 00
00000022 1 0 0 2 2 10 01
00000022 2 0 0 2 2 10 02
00000022 3 0 0 2 2 10 03
00000022 4 0 0 2 2 10 04
00000022 5 0 0 2 2 10 05

00000022 0 0 0 3 3 10 00
00000022 1 0 0 3 3 10 01
00000022 2 0 0 3 3 10 02
00000022 3 0 0 3 3 10 03
00000022 4 0 0 3 3 10 04
00000022 5 0 0 3 3 10 05

00000022 0 0 0 4 4 10 00
00000022 1 0 0 4 4 10 01
00000022 2 0 0 4 4 10 02
00000022 3 0 0 4 4 10 03
00000022 4 0 0 4 4 10 04
00000022 5 0 0 4 4 10 05

00000022 0 0 0 5 5 10 00
00000022 1 0 0 5 5 10 01
00000022 2 0 0 5 5 10 02
00000022 3 0 0 5 5 10 03
00000022 4 0 0 5 5 10 04
00000022 5 0 0 5 5 10 05

00000022 0 0 0 6 6 10 00
00000022 1 0 0 6 6 10 01
00000022 2 0 0 6 6 10 02
00000022 3 0 0 6 6 10 03
00000022 4 0 0 6 6 10 04
00000022 5 0 0 6 6 10 05

00000022 0 0 0 7 7 10 00
00000022 1 0 0 7 7 10 01
00000022 2 0 0 7 7 10 02
00000022 3 0 0 7 7 10 03
00000022 4 0 0 7 7 10 04
00000022 5 0 0 7 7 10 05

00000022 0 0 1 0 0 10 00
00000022 1 0 1 0 0 10 01
00000022 2 0 1 0 0 10 02
00000022 3 0 1 0 0 10 03
00000022 4 0 1 0 0 10 04
00000022 5 0 1 0 0 10 05

00000022 0 0 1 1 1 10 00
00000022 1 0 1 1 1 10 01
00000022 2 0 1 1 1 10 02
00000022 3 0 1 1 1 10 03
00000022 4 0 1 1 1 10 04
00000022 5 0 1 1 1 10 05

00000022 0 0 1 2 2 10 00
00000022 1 0 1 2 2 10 01
00000022 2 0 1 2 2 10 02
00000022 3 0 1 2 2 10 03
00000022 4 0 1 2 2 10 04
00000022 5 0 1 2 2 10 05

00000022 0 0 1 3 3 10 00
00000022 1 0 1 3 3 10 01
00000022 2 0 1 3 3 10 02
00000022 3 0 1 3 3 10 03
00000022 4 0 1 3 3 10 04
00000022 5 0 1 3 3 10 05

00000022 0 0 1 4 4 10 00
00000022 1 0 1 4 4 10 01
00000022 2 0 1 4 4 10 02
00000022 3 0 1 4 4 10 03
00000022 4 0 1 4 4 10 04
00000022 5 0 1 4 4 10 05

00000022 0 0 1 5 5 10 00
00000022 1 0 1 5 5 10 01
00000022 2 0 1 5 5 10 02
00000022 3 0 1 5 5 10 03
00000022 4 0 1 5 5 10 04
00000022 5 0 1 5 5 10 05

00000022 0 0 1 6 6 10 00
00000022 1 0 1 6 6 10 01
00000022 2 0 1 6 6 10 02
00000022 3 0 1 6 6 10 03
00000022 4 0 1 6 6 10 04
00000022 5 0 1 6 6 10 05

00000022 0 0 1 7 7 10 00
00000022 1 0 1 7 7 10 01
00000022 2 0 1 7 7 10 02
00000022 3 0 1 7 7 10 03
00000022 4 0 1 7 7 10 04
00000022 5 0 1 7 7 10 05

00000022 0 1 0 0 0 10 00
00000022 1 1 0 0 0 10 01
00000022 2 1 0 0 0 10 02
00000022 3 1 0 0 0 10 03
00000022 4 1 0 0 0 10 04
00000022 5 1 0 0 0 10 05

00000022 0 1 0 1 1 10 00
00000022 1 1 0 1 1 10 01
00000022 2 1 0 1 1 10 02
00000022 3 1 0 1 1 10 03
00000022 4 1 0 1 1 10 04
00000022 5 1 0 1 1 10 05

00000022 0 1 0 2 2 10 00
00000022 1 1 0 2 2 10 01
00000022 2 1 0 2 2 10 02
00000022 3 1 0 2 2 10 03
00000022 4 1 0 2 2 10 04
00000022 5 1 0 2 2 10 05

00000022 0 1 0 3 3 10 00
00000022 1 1 0 3 3 10 01
00000022 2 1 0 3 3 10 02
00000022 3 1 0 3 3 10 03
00000022 4 1 0 3 3 10 04
00000022 5 1 0 3 3 10 05

00000022 0 1 0 4 4 10 00
00000022 1 1 0 4 4 10 01
00000022 2 1 0 4 4 10 02
00000022 3 1 0 4 4 10 03
00000022 4 1 0 4 4 10 04
00000022 5 1 0 4 4 10 05

00000022 0 1 0 5 5 10 00
00000022 1 1 0 5 5 10 01
00000022 2 1 0 5 5 10 02
00000022 3 1 0 5 5 10 03
00000022 4 1 0 5 5 10 04
00000022 5 1 0 5 5 10 05

00000022 0 1 0 6 6 10 00
00000022 1 1 0 6 6 10 01
00000022 2 1 0 6 6 10 02
00000022 3 1 0 6 6 10 03
00000022 4 1 0 6 6 10 04
00000022 5 1 0 6 6 10 05

00000022 0 1 0 7 7 10 00
00000022 1 1 0 7 7 10 01
00000022 2 1 0 7 7 10 02
00000022 3 1 0 7 7 10 03
00000022 4 1 0 7 7 10 04
00000022 5 1 0 7 7 10 05

00000022 0 1 1 0 0 10 00
00000022 1 1 1 0 0 10 01
00000022 2 1 1 0 0 10 02
00000022 3 1 1 0 0 10 03
00000022 4 1 1 0 0 10 04
00000022 5 1 1 0 0 10 05

00000022 0 1 1 1 1 10 00
00000022 1 1 1 1 1 10 01
00000022 2 1 1 1 1 10 02
00000022 3 1 1 1 1 10 03
00000022 4 1 1 1 1 10 04
00000022 5 1 1 1 1 10 05

00000022 0 1 1 2 2 10 00
00000022 1 1 1 2 2 10 01
00000022 2 1 1 2 2 10 02
00000022 3 1 1 2 2 10 03
00000022 4 1 1 2 2 10 04
00000022 5 1 1 2 2 10 05

00000022 0 1 1 3 3 10 00
00000022 1 1 1 3 3 10 01
00000022 2 1 1 3 3 10 02
00000022 3 1 1 3 3 10 03
00000022 4 1 1 3 3 10 04
00000022 5 1 1 3 3 10 05

00000022 0 1 1 4 4 10 00
00000022 1 1 1 4 4 10 01
00000022 3 1 1 4 4 10 02
00000022 4 1 1 4 4 10 03
00000022 5 1 1 4 4 10 04
00000022 0 1 1 4 4 10 05

00000022 0 1 1 5 5 10 00
00000022 1 1 1 5 5 10 01
00000022 2 1 1 5 5 10 02
00000022 3 1 1 5 5 10 03
00000022 4 1 1 5 5 10 04
00000022 5 1 1 5 5 10 05

00000022 0 1 1 6 6 10 00
00000022 1 1 1 6 6 10 01
00000022 2 1 1 6 6 10 02
00000022 3 1 1 6 6 10 03
00000022 4 1 1 6 6 10 04
00000022 5 1 1 6 6 10 05

00000022 0 1 1 7 7 10 00
00000022 1 1 1 7 7 10 01
00000022 2 1 1 7 7 10 02
00000022 3 1 1 7 7 10 03
00000022 4 1 1 7 7 10 04
00000022 5 1 1 7 7 10 05

00000900 1 1 1 1 1 40 00
