00000022 1 0 0 1 08 00
00000022 2 0 0 1 08 01
00000022 3 0 0 1 08 02
00000022 4 0 0 1 08 03
00000022 5 0 0 1 08 04
00000022 6 0 0 1 08 05

00000022 1 0 0 1 10 00
00000022 2 0 0 1 10 01
00000022 3 0 0 1 10 02
00000022 4 0 0 1 10 03
00000022 5 0 0 1 10 04
00000022 6 0 0 1 10 05

00000022 1 0 0 2 20 00
00000022 2 0 0 2 20 01
00000022 3 0 0 2 20 02
00000022 4 0 0 2 20 03
00000022 5 0 0 2 20 04
00000022 6 0 0 2 20 05

00000022 1 0 0 3 08 00
00000022 2 0 0 3 08 01
00000022 3 0 0 3 08 02
00000022 4 0 0 3 08 03
00000022 5 0 0 3 08 04
00000022 6 0 0 3 08 05

00000022 1 0 0 3 10 00
00000022 2 0 0 3 10 01
00000022 3 0 0 3 10 02
00000022 4 0 0 3 10 03
00000022 5 0 0 3 10 04
00000022 6 0 0 3 10 05

00000022 1 0 0 4 20 00
00000022 2 0 0 4 20 01
00000022 3 0 0 4 20 02
00000022 4 0 0 4 20 03
00000022 5 0 0 4 20 04
00000022 6 0 0 4 20 05

00000022 1 0 0 5 08 00
00000022 2 0 0 5 08 01
00000022 3 0 0 5 08 02
00000022 4 0 0 5 08 03
00000022 5 0 0 5 08 04
00000022 6 0 0 5 08 05

00000022 1 0 0 5 10 00
00000022 2 0 0 5 10 01
00000022 3 0 0 5 10 02
00000022 4 0 0 5 10 03
00000022 5 0 0 5 10 04
00000022 6 0 0 5 10 05

00000022 1 0 0 6 20 00
00000022 2 0 0 6 20 01
00000022 3 0 0 6 20 02
00000022 4 0 0 6 20 03
00000022 5 0 0 6 20 04
00000022 6 0 0 6 20 05

00000022 1 0 0 7 08 00
00000022 2 0 0 7 08 01
00000022 3 0 0 7 08 02
00000022 4 0 0 7 08 03
00000022 5 0 0 7 08 04
00000022 6 0 0 7 08 05

00000022 1 0 0 7 10 00
00000022 2 0 0 7 10 01
00000022 3 0 0 7 10 02
00000022 4 0 0 7 10 03
00000022 5 0 0 7 10 04
00000022 6 0 0 7 10 05

00000022 1 0 0 8 20 00
00000022 2 0 0 8 20 01
00000022 3 0 0 8 20 02
00000022 4 0 0 8 20 03
00000022 5 0 0 8 20 04
00000022 6 0 0 8 20 05

0000002b 1 0 0 1 08 00
0000002b 2 0 0 1 08 01
0000002b 3 0 0 1 08 02
0000002b 4 0 0 1 08 03
0000002b 5 0 0 1 08 04
0000002b 6 0 0 1 08 05

0000002b 1 0 0 1 10 00
0000002b 2 0 0 1 10 01
0000002b 3 0 0 1 10 02
0000002b 4 0 0 1 10 03
0000002b 5 0 0 1 10 04
0000002b 6 0 0 1 10 05

0000002b 1 0 0 2 20 00
0000002b 2 0 0 2 20 01
0000002b 3 0 0 2 20 02
0000002b 4 0 0 2 20 03
0000002b 5 0 0 2 20 04
0000002b 6 0 0 2 20 05

0000002b 1 0 0 3 08 00
0000002b 2 0 0 3 08 01
0000002b 3 0 0 3 08 02
0000002b 4 0 0 3 08 03
0000002b 5 0 0 3 08 04
0000002b 6 0 0 3 08 05

0000002b 1 0 0 3 10 00
0000002b 2 0 0 3 10 01
0000002b 3 0 0 3 10 02
0000002b 4 0 0 3 10 03
0000002b 5 0 0 3 10 04
0000002b 6 0 0 3 10 05

0000002b 1 0 0 4 20 00
0000002b 2 0 0 4 20 01
0000002b 3 0 0 4 20 02
0000002b 4 0 0 4 20 03
0000002b 5 0 0 4 20 04
0000002b 6 0 0 4 20 05

0000002b 1 0 0 5 08 00
0000002b 2 0 0 5 08 01
0000002b 3 0 0 5 08 02
0000002b 4 0 0 5 08 03
0000002b 5 0 0 5 08 04
0000002b 6 0 0 5 08 05

0000002b 1 0 0 5 10 00
0000002b 2 0 0 5 10 01
0000002b 3 0 0 5 10 02
0000002b 4 0 0 5 10 03
0000002b 5 0 0 5 10 04
0000002b 6 0 0 5 10 05

0000002b 1 0 0 6 20 00
0000002b 2 0 0 6 20 01
0000002b 3 0 0 6 20 02
0000002b 4 0 0 6 20 03
0000002b 5 0 0 6 20 04
0000002b 6 0 0 6 20 05

0000002b 1 0 0 7 08 00
0000002b 2 0 0 7 08 01
0000002b 3 0 0 7 08 02
0000002b 4 0 0 7 08 03
0000002b 5 0 0 7 08 04
0000002b 6 0 0 7 08 05

0000002b 1 0 0 7 10 00
0000002b 2 0 0 7 10 01
0000002b 3 0 0 7 10 02
0000002b 4 0 0 7 10 03
0000002b 5 0 0 7 10 04
0000002b 6 0 0 7 10 05

0000002b 1 0 0 8 20 00
0000002b 2 0 0 8 20 01
0000002b 3 0 0 8 20 02
0000002b 4 0 0 8 20 03
0000002b 5 0 0 8 20 04
0000002b 6 0 0 8 20 05

00000034 1 0 0 1 08 00
00000034 2 0 0 1 08 01
00000034 3 0 0 1 08 02
00000034 4 0 0 1 08 03
00000034 5 0 0 1 08 04
00000034 6 0 0 1 08 05

00000034 1 0 0 1 10 00
00000034 2 0 0 1 10 01
00000034 3 0 0 1 10 02
00000034 4 0 0 1 10 03
00000034 5 0 0 1 10 04
00000034 6 0 0 1 10 05

00000034 1 0 0 2 20 00
00000034 2 0 0 2 20 01
00000034 3 0 0 2 20 02
00000034 4 0 0 2 20 03
00000034 5 0 0 2 20 04
00000034 6 0 0 2 20 05

00000034 1 0 0 3 08 00
00000034 2 0 0 3 08 01
00000034 3 0 0 3 08 02
00000034 4 0 0 3 08 03
00000034 5 0 0 3 08 04
00000034 6 0 0 3 08 05

00000034 1 0 0 3 10 00
00000034 2 0 0 3 10 01
00000034 3 0 0 3 10 02
00000034 4 0 0 3 10 03
00000034 5 0 0 3 10 04
00000034 6 0 0 3 10 05

00000034 1 0 0 4 20 00
00000034 2 0 0 4 20 01
00000034 3 0 0 4 20 02
00000034 4 0 0 4 20 03
00000034 5 0 0 4 20 04
00000034 6 0 0 4 20 05

00000034 1 0 0 5 08 00
00000034 2 0 0 5 08 01
00000034 3 0 0 5 08 02
00000034 4 0 0 5 08 03
00000034 5 0 0 5 08 04
00000034 6 0 0 5 08 05

00000034 1 0 0 5 10 00
00000034 2 0 0 5 10 01
00000034 3 0 0 5 10 02
00000034 4 0 0 5 10 03
00000034 5 0 0 5 10 04
00000034 6 0 0 5 10 05

00000034 1 0 0 6 20 00
00000034 2 0 0 6 20 01
00000034 3 0 0 6 20 02
00000034 4 0 0 6 20 03
00000034 5 0 0 6 20 04
00000034 6 0 0 6 20 05

00000034 1 0 0 7 08 00
00000034 2 0 0 7 08 01
00000034 3 0 0 7 08 02
00000034 4 0 0 7 08 03
00000034 5 0 0 7 08 04
00000034 6 0 0 7 08 05

00000034 1 0 0 7 10 00
00000034 2 0 0 7 10 01
00000034 3 0 0 7 10 02
00000034 4 0 0 7 10 03
00000034 5 0 0 7 10 04
00000034 6 0 0 7 10 05

00000034 1 0 0 8 20 00
00000034 2 0 0 8 20 01
00000034 3 0 0 8 20 02
00000034 4 0 0 8 20 03
00000034 5 0 0 8 20 04
00000034 6 0 0 8 20 05

0000003d 1 0 0 1 08 00
0000003d 2 0 0 1 08 01
0000003d 3 0 0 1 08 02
0000003d 4 0 0 1 08 03
0000003d 5 0 0 1 08 04
0000003d 6 0 0 1 08 05

0000003d 1 0 0 1 10 00
0000003d 2 0 0 1 10 01
0000003d 3 0 0 1 10 02
0000003d 4 0 0 1 10 03
0000003d 5 0 0 1 10 04
0000003d 6 0 0 1 10 05

0000003d 1 0 0 2 20 00
0000003d 2 0 0 2 20 01
0000003d 3 0 0 2 20 02
0000003d 4 0 0 2 20 03
0000003d 5 0 0 2 20 04
0000003d 6 0 0 2 20 05

0000003d 1 0 0 3 08 00
0000003d 2 0 0 3 08 01
0000003d 3 0 0 3 08 02
0000003d 4 0 0 3 08 03
0000003d 5 0 0 3 08 04
0000003d 6 0 0 3 08 05

0000003d 1 0 0 3 10 00
0000003d 2 0 0 3 10 01
0000003d 3 0 0 3 10 02
0000003d 4 0 0 3 10 03
0000003d 5 0 0 3 10 04
0000003d 6 0 0 3 10 05

0000003d 1 0 0 4 20 00
0000003d 2 0 0 4 20 01
0000003d 3 0 0 4 20 02
0000003d 4 0 0 4 20 03
0000003d 5 0 0 4 20 04
0000003d 6 0 0 4 20 05

0000003d 1 0 0 5 08 00
0000003d 2 0 0 5 08 01
0000003d 3 0 0 5 08 02
0000003d 4 0 0 5 08 03
0000003d 5 0 0 5 08 04
0000003d 6 0 0 5 08 05

0000003d 1 0 0 5 10 00
0000003d 2 0 0 5 10 01
0000003d 3 0 0 5 10 02
0000003d 4 0 0 5 10 03
0000003d 5 0 0 5 10 04
0000003d 6 0 0 5 10 05

0000003d 1 0 0 6 20 00
0000003d 2 0 0 6 20 01
0000003d 3 0 0 6 20 02
0000003d 4 0 0 6 20 03
0000003d 5 0 0 6 20 04
0000003d 6 0 0 6 20 05

0000003d 1 0 0 7 08 00
0000003d 2 0 0 7 08 01
0000003d 3 0 0 7 08 02
0000003d 4 0 0 7 08 03
0000003d 5 0 0 7 08 04
0000003d 6 0 0 7 08 05

0000003d 1 0 0 7 10 00
0000003d 2 0 0 7 10 01
0000003d 3 0 0 7 10 02
0000003d 4 0 0 7 10 03
0000003d 5 0 0 7 10 04
0000003d 6 0 0 7 10 05

0000003d 1 0 0 8 20 00
0000003d 2 0 0 8 20 01
0000003d 3 0 0 8 20 02
0000003d 4 0 0 8 20 03
0000003d 5 0 0 8 20 04
0000003d 6 0 0 8 20 05

00000042 1 0 0 1 08 00
00000042 2 0 0 1 08 01
00000042 3 0 0 1 08 02
00000042 4 0 0 1 08 03
00000042 5 0 0 1 08 04

00000042 1 0 0 1 10 00
00000042 2 0 0 1 10 01
00000042 3 0 0 1 10 02
00000042 4 0 0 1 10 03
00000042 5 0 0 1 10 04

00000042 1 0 0 2 20 00
00000042 2 0 0 2 20 01
00000042 3 0 0 2 20 02
00000042 4 0 0 2 20 03
00000042 5 0 0 2 20 04

00000042 1 0 0 3 08 00
00000042 2 0 0 3 08 01
00000042 3 0 0 3 08 02
00000042 4 0 0 3 08 03
00000042 5 0 0 3 08 04

00000042 1 0 0 3 10 00
00000042 2 0 0 3 10 01
00000042 3 0 0 3 10 02
00000042 4 0 0 3 10 03
00000042 5 0 0 3 10 04

00000042 1 0 0 4 20 00
00000042 2 0 0 4 20 01
00000042 3 0 0 4 20 02
00000042 4 0 0 4 20 03
00000042 5 0 0 4 20 04

00000042 1 0 0 5 08 00
00000042 2 0 0 5 08 01
00000042 3 0 0 5 08 02
00000042 4 0 0 5 08 03
00000042 5 0 0 5 08 04

00000042 1 0 0 5 10 00
00000042 2 0 0 5 10 01
00000042 3 0 0 5 10 02
00000042 4 0 0 5 10 03
00000042 5 0 0 5 10 04

00000042 1 0 0 6 20 00
00000042 2 0 0 6 20 01
00000042 3 0 0 6 20 02
00000042 4 0 0 6 20 03
00000042 5 0 0 6 20 04

00000042 1 0 0 7 08 00
00000042 2 0 0 7 08 01
00000042 3 0 0 7 08 02
00000042 4 0 0 7 08 03
00000042 5 0 0 7 08 04

00000042 1 0 0 7 10 00
00000042 2 0 0 7 10 01
00000042 3 0 0 7 10 02
00000042 4 0 0 7 10 03
00000042 5 0 0 7 10 04

00000042 1 0 0 8 20 00
00000042 2 0 0 8 20 01
00000042 3 0 0 8 20 02
00000042 4 0 0 8 20 03
00000042 5 0 0 8 20 04

0000004b 1 0 0 1 08 00
0000004b 2 0 0 1 08 01
0000004b 3 0 0 1 08 02
0000004b 4 0 0 1 08 03
0000004b 5 0 0 1 08 04

0000004b 1 0 0 1 10 00
0000004b 2 0 0 1 10 01
0000004b 3 0 0 1 10 02
0000004b 4 0 0 1 10 03
0000004b 5 0 0 1 10 04

0000004b 1 0 0 2 20 00
0000004b 2 0 0 2 20 01
0000004b 3 0 0 2 20 02
0000004b 4 0 0 2 20 03
0000004b 5 0 0 2 20 04

0000004b 1 0 0 3 08 00
0000004b 2 0 0 3 08 01
0000004b 3 0 0 3 08 02
0000004b 4 0 0 3 08 03
0000004b 5 0 0 3 08 04

0000004b 1 0 0 3 10 00
0000004b 2 0 0 3 10 01
0000004b 3 0 0 3 10 02
0000004b 4 0 0 3 10 03
0000004b 5 0 0 3 10 04

0000004b 1 0 0 4 20 00
0000004b 2 0 0 4 20 01
0000004b 3 0 0 4 20 02
0000004b 4 0 0 4 20 03
0000004b 5 0 0 4 20 04

0000004b 1 0 0 5 08 00
0000004b 2 0 0 5 08 01
0000004b 3 0 0 5 08 02
0000004b 4 0 0 5 08 03
0000004b 5 0 0 5 08 04

0000004b 1 0 0 5 10 00
0000004b 2 0 0 5 10 01
0000004b 3 0 0 5 10 02
0000004b 4 0 0 5 10 03
0000004b 5 0 0 5 10 04

0000004b 1 0 0 6 20 00
0000004b 2 0 0 6 20 01
0000004b 3 0 0 6 20 02
0000004b 4 0 0 6 20 03
0000004b 5 0 0 6 20 04

0000004b 1 0 0 7 08 00
0000004b 2 0 0 7 08 01
0000004b 3 0 0 7 08 02
0000004b 4 0 0 7 08 03
0000004b 5 0 0 7 08 04

0000004b 1 0 0 7 10 00
0000004b 2 0 0 7 10 01
0000004b 3 0 0 7 10 02
0000004b 4 0 0 7 10 03
0000004b 5 0 0 7 10 04

0000004b 1 0 0 8 20 00
0000004b 2 0 0 8 20 01
0000004b 3 0 0 8 20 02
0000004b 4 0 0 8 20 03
0000004b 5 0 0 8 20 04

00000054 1 0 0 1 08 00
00000054 2 0 0 1 08 01
00000054 3 0 0 1 08 02
00000054 4 0 0 1 08 03
00000054 5 0 0 1 08 04

00000054 1 0 0 1 10 00
00000054 2 0 0 1 10 01
00000054 3 0 0 1 10 02
00000054 4 0 0 1 10 03
00000054 5 0 0 1 10 04

00000054 1 0 0 2 20 00
00000054 2 0 0 2 20 01
00000054 3 0 0 2 20 02
00000054 4 0 0 2 20 03
00000054 5 0 0 2 20 04

00000054 1 0 0 3 08 00
00000054 2 0 0 3 08 01
00000054 3 0 0 3 08 02
00000054 4 0 0 3 08 03
00000054 5 0 0 3 08 04

00000054 1 0 0 3 10 00
00000054 2 0 0 3 10 01
00000054 3 0 0 3 10 02
00000054 4 0 0 3 10 03
00000054 5 0 0 3 10 04

00000054 1 0 0 4 20 00
00000054 2 0 0 4 20 01
00000054 3 0 0 4 20 02
00000054 4 0 0 4 20 03
00000054 5 0 0 4 20 04

00000054 1 0 0 5 08 00
00000054 2 0 0 5 08 01
00000054 3 0 0 5 08 02
00000054 4 0 0 5 08 03
00000054 5 0 0 5 08 04

00000054 1 0 0 5 10 00
00000054 2 0 0 5 10 01
00000054 3 0 0 5 10 02
00000054 4 0 0 5 10 03
00000054 5 0 0 5 10 04

00000054 1 0 0 6 20 00
00000054 2 0 0 6 20 01
00000054 3 0 0 6 20 02
00000054 4 0 0 6 20 03
00000054 5 0 0 6 20 04

00000054 1 0 0 7 08 00
00000054 2 0 0 7 08 01
00000054 3 0 0 7 08 02
00000054 4 0 0 7 08 03
00000054 5 0 0 7 08 04

00000054 1 0 0 7 10 00
00000054 2 0 0 7 10 01
00000054 3 0 0 7 10 02
00000054 4 0 0 7 10 03
00000054 5 0 0 7 10 04

00000054 1 0 0 8 20 00
00000054 2 0 0 8 20 01
00000054 3 0 0 8 20 02
00000054 4 0 0 8 20 03
00000054 5 0 0 8 20 04

0000005d 1 0 0 1 08 00
0000005d 2 0 0 1 08 01
0000005d 3 0 0 1 08 02
0000005d 4 0 0 1 08 03
0000005d 5 0 0 1 08 04

0000005d 1 0 0 1 10 00
0000005d 2 0 0 1 10 01
0000005d 3 0 0 1 10 02
0000005d 4 0 0 1 10 03
0000005d 5 0 0 1 10 04

0000005d 1 0 0 2 20 00
0000005d 2 0 0 2 20 01
0000005d 3 0 0 2 20 02
0000005d 4 0 0 2 20 03
0000005d 5 0 0 2 20 04

0000005d 1 0 0 3 08 00
0000005d 2 0 0 3 08 01
0000005d 3 0 0 3 08 02
0000005d 4 0 0 3 08 03
0000005d 5 0 0 3 08 04

0000005d 1 0 0 3 10 00
0000005d 2 0 0 3 10 01
0000005d 3 0 0 3 10 02
0000005d 4 0 0 3 10 03
0000005d 5 0 0 3 10 04

0000005d 1 0 0 4 20 00
0000005d 2 0 0 4 20 01
0000005d 3 0 0 4 20 02
0000005d 4 0 0 4 20 03
0000005d 5 0 0 4 20 04

0000005d 1 0 0 5 08 00
0000005d 2 0 0 5 08 01
0000005d 3 0 0 5 08 02
0000005d 4 0 0 5 08 03
0000005d 5 0 0 5 08 04

0000005d 1 0 0 5 10 00
0000005d 2 0 0 5 10 01
0000005d 3 0 0 5 10 02
0000005d 4 0 0 5 10 03
0000005d 5 0 0 5 10 04

0000005d 1 0 0 6 20 00
0000005d 2 0 0 6 20 01
0000005d 3 0 0 6 20 02
0000005d 4 0 0 6 20 03
0000005d 5 0 0 6 20 04

0000005d 1 0 0 7 08 00
0000005d 2 0 0 7 08 01
0000005d 3 0 0 7 08 02
0000005d 4 0 0 7 08 03
0000005d 5 0 0 7 08 04

0000005d 1 0 0 7 10 00
0000005d 2 0 0 7 10 01
0000005d 3 0 0 7 10 02
0000005d 4 0 0 7 10 03
0000005d 5 0 0 7 10 04

0000005d 1 0 0 8 20 00
0000005d 2 0 0 8 20 01
0000005d 3 0 0 8 20 02
0000005d 4 0 0 8 20 03
0000005d 5 0 0 8 20 04

00000062 1 0 0 1 08 00
00000062 2 0 0 1 08 01
00000062 3 0 0 1 08 02
00000062 4 0 0 1 08 03
00000062 5 0 0 1 08 04

00000062 1 0 0 1 10 00
00000062 2 0 0 1 10 01
00000062 3 0 0 1 10 02
00000062 4 0 0 1 10 03
00000062 5 0 0 1 10 04

00000062 1 0 0 2 20 00
00000062 2 0 0 2 20 01
00000062 3 0 0 2 20 02
00000062 4 0 0 2 20 03
00000062 5 0 0 2 20 04

00000062 1 0 0 3 08 00
00000062 2 0 0 3 08 01
00000062 3 0 0 3 08 02
00000062 4 0 0 3 08 03
00000062 5 0 0 3 08 04

00000062 1 0 0 3 10 00
00000062 2 0 0 3 10 01
00000062 3 0 0 3 10 02
00000062 4 0 0 3 10 03
00000062 5 0 0 3 10 04

00000062 1 0 0 4 20 00
00000062 2 0 0 4 20 01
00000062 3 0 0 4 20 02
00000062 4 0 0 4 20 03
00000062 5 0 0 4 20 04

00000062 1 0 0 5 08 00
00000062 2 0 0 5 08 01
00000062 3 0 0 5 08 02
00000062 4 0 0 5 08 03
00000062 5 0 0 5 08 04

00000062 1 0 0 5 10 00
00000062 2 0 0 5 10 01
00000062 3 0 0 5 10 02
00000062 4 0 0 5 10 03
00000062 5 0 0 5 10 04

00000062 1 0 0 6 20 00
00000062 2 0 0 6 20 01
00000062 3 0 0 6 20 02
00000062 4 0 0 6 20 03
00000062 5 0 0 6 20 04

00000062 1 0 0 7 08 00
00000062 2 0 0 7 08 01
00000062 3 0 0 7 08 02
00000062 4 0 0 7 08 03
00000062 5 0 0 7 08 04

00000062 1 0 0 7 10 00
00000062 2 0 0 7 10 01
00000062 3 0 0 7 10 02
00000062 4 0 0 7 10 03
00000062 5 0 0 7 10 04

00000062 1 0 0 8 20 00
00000062 2 0 0 8 20 01
00000062 3 0 0 8 20 02
00000062 4 0 0 8 20 03
00000062 5 0 0 8 20 04

0000006a 1 0 0 1 08 00
0000006a 2 0 0 1 08 01
0000006a 3 0 0 1 08 02
0000006a 4 0 0 1 08 03
0000006a 5 0 0 1 08 04

0000006a 1 0 0 1 10 00
0000006a 2 0 0 1 10 01
0000006a 3 0 0 1 10 02
0000006a 4 0 0 1 10 03
0000006a 5 0 0 1 10 04

0000006a 1 0 0 2 20 00
0000006a 2 0 0 2 20 01
0000006a 3 0 0 2 20 02
0000006a 4 0 0 2 20 03
0000006a 5 0 0 2 20 04

0000006a 1 0 0 3 08 00
0000006a 2 0 0 3 08 01
0000006a 3 0 0 3 08 02
0000006a 4 0 0 3 08 03
0000006a 5 0 0 3 08 04

0000006a 1 0 0 3 10 00
0000006a 2 0 0 3 10 01
0000006a 3 0 0 3 10 02
0000006a 4 0 0 3 10 03
0000006a 5 0 0 3 10 04

0000006a 1 0 0 4 20 00
0000006a 2 0 0 4 20 01
0000006a 3 0 0 4 20 02
0000006a 4 0 0 4 20 03
0000006a 5 0 0 4 20 04

0000006a 1 0 0 5 08 00
0000006a 2 0 0 5 08 01
0000006a 3 0 0 5 08 02
0000006a 4 0 0 5 08 03
0000006a 5 0 0 5 08 04

0000006a 1 0 0 5 10 00
0000006a 2 0 0 5 10 01
0000006a 3 0 0 5 10 02
0000006a 4 0 0 5 10 03
0000006a 5 0 0 5 10 04

0000006a 1 0 0 6 20 00
0000006a 2 0 0 6 20 01
0000006a 3 0 0 6 20 02
0000006a 4 0 0 6 20 03
0000006a 5 0 0 6 20 04

0000006a 1 0 0 7 08 00
0000006a 2 0 0 7 08 01
0000006a 3 0 0 7 08 02
0000006a 4 0 0 7 08 03
0000006a 5 0 0 7 08 04

0000006a 1 0 0 7 10 00
0000006a 2 0 0 7 10 01
0000006a 3 0 0 7 10 02
0000006a 4 0 0 7 10 03
0000006a 5 0 0 7 10 04

0000006a 1 0 0 8 20 00
0000006a 2 0 0 8 20 01
0000006a 3 0 0 8 20 02
0000006a 4 0 0 8 20 03
0000006a 5 0 0 8 20 04

00000073 1 0 0 1 08 00
00000073 2 0 0 1 08 01
00000073 3 0 0 1 08 02
00000073 4 0 0 1 08 03
00000073 5 0 0 1 08 04

00000073 1 0 0 1 10 00
00000073 2 0 0 1 10 01
00000073 3 0 0 1 10 02
00000073 4 0 0 1 10 03
00000073 5 0 0 1 10 04

00000073 1 0 0 2 20 00
00000073 2 0 0 2 20 01
00000073 3 0 0 2 20 02
00000073 4 0 0 2 20 03
00000073 5 0 0 2 20 04

00000073 1 0 0 3 08 00
00000073 2 0 0 3 08 01
00000073 3 0 0 3 08 02
00000073 4 0 0 3 08 03
00000073 5 0 0 3 08 04

00000073 1 0 0 3 10 00
00000073 2 0 0 3 10 01
00000073 3 0 0 3 10 02
00000073 4 0 0 3 10 03
00000073 5 0 0 3 10 04

00000073 1 0 0 4 20 00
00000073 2 0 0 4 20 01
00000073 3 0 0 4 20 02
00000073 4 0 0 4 20 03
00000073 5 0 0 4 20 04

00000073 1 0 0 5 08 00
00000073 2 0 0 5 08 01
00000073 3 0 0 5 08 02
00000073 4 0 0 5 08 03
00000073 5 0 0 5 08 04

00000073 1 0 0 5 10 00
00000073 2 0 0 5 10 01
00000073 3 0 0 5 10 02
00000073 4 0 0 5 10 03
00000073 5 0 0 5 10 04

00000073 1 0 0 6 20 00
00000073 2 0 0 6 20 01
00000073 3 0 0 6 20 02
00000073 4 0 0 6 20 03
00000073 5 0 0 6 20 04

00000073 1 0 0 7 08 00
00000073 2 0 0 7 08 01
00000073 3 0 0 7 08 02
00000073 4 0 0 7 08 03
00000073 5 0 0 7 08 04

00000073 1 0 0 7 10 00
00000073 2 0 0 7 10 01
00000073 3 0 0 7 10 02
00000073 4 0 0 7 10 03
00000073 5 0 0 7 10 04

00000073 1 0 0 8 20 00
00000073 2 0 0 8 20 01
00000073 3 0 0 8 20 02
00000073 4 0 0 8 20 03
00000073 5 0 0 8 20 04

0000007b 1 0 0 1 08 00
0000007b 2 0 0 1 08 01
0000007b 3 0 0 1 08 02
0000007b 4 0 0 1 08 03
0000007b 5 0 0 1 08 04

0000007b 1 0 0 1 10 00
0000007b 2 0 0 1 10 01
0000007b 3 0 0 1 10 02
0000007b 4 0 0 1 10 03
0000007b 5 0 0 1 10 04

0000007b 1 0 0 2 20 00
0000007b 2 0 0 2 20 01
0000007b 3 0 0 2 20 02
0000007b 4 0 0 2 20 03
0000007b 5 0 0 2 20 04

0000007b 1 0 0 3 08 00
0000007b 2 0 0 3 08 01
0000007b 3 0 0 3 08 02
0000007b 4 0 0 3 08 03
0000007b 5 0 0 3 08 04

0000007b 1 0 0 3 10 00
0000007b 2 0 0 3 10 01
0000007b 3 0 0 3 10 02
0000007b 4 0 0 3 10 03
0000007b 5 0 0 3 10 04

0000007b 1 0 0 4 20 00
0000007b 2 0 0 4 20 01
0000007b 3 0 0 4 20 02
0000007b 4 0 0 4 20 03
0000007b 5 0 0 4 20 04

0000007b 1 0 0 5 08 00
0000007b 2 0 0 5 08 01
0000007b 3 0 0 5 08 02
0000007b 4 0 0 5 08 03
0000007b 5 0 0 5 08 04

0000007b 1 0 0 5 10 00
0000007b 2 0 0 5 10 01
0000007b 3 0 0 5 10 02
0000007b 4 0 0 5 10 03
0000007b 5 0 0 5 10 04

0000007b 1 0 0 6 20 00
0000007b 2 0 0 6 20 01
0000007b 3 0 0 6 20 02
0000007b 4 0 0 6 20 03
0000007b 5 0 0 6 20 04

0000007b 1 0 0 7 08 00
0000007b 2 0 0 7 08 01
0000007b 3 0 0 7 08 02
0000007b 4 0 0 7 08 03
0000007b 5 0 0 7 08 04

0000007b 1 0 0 7 10 00
0000007b 2 0 0 7 10 01
0000007b 3 0 0 7 10 02
0000007b 4 0 0 7 10 03
0000007b 5 0 0 7 10 04

0000007b 1 0 0 8 20 00
0000007b 2 0 0 8 20 01
0000007b 3 0 0 8 20 02
0000007b 4 0 0 8 20 03
0000007b 5 0 0 8 20 04

00000084 1 0 0 1 08 00
00000084 2 0 0 1 08 01
00000084 3 0 0 1 08 02
00000084 4 0 0 1 08 03
00000084 5 0 0 1 08 04

00000084 1 0 0 1 10 00
00000084 2 0 0 1 10 01
00000084 3 0 0 1 10 02
00000084 4 0 0 1 10 03
00000084 5 0 0 1 10 04

00000084 1 0 0 2 20 00
00000084 2 0 0 2 20 01
00000084 3 0 0 2 20 02
00000084 4 0 0 2 20 03
00000084 5 0 0 2 20 04

00000084 1 0 0 3 08 00
00000084 2 0 0 3 08 01
00000084 3 0 0 3 08 02
00000084 4 0 0 3 08 03
00000084 5 0 0 3 08 04

00000084 1 0 0 3 10 00
00000084 2 0 0 3 10 01
00000084 3 0 0 3 10 02
00000084 4 0 0 3 10 03
00000084 5 0 0 3 10 04

00000084 1 0 0 4 20 00
00000084 2 0 0 4 20 01
00000084 3 0 0 4 20 02
00000084 4 0 0 4 20 03
00000084 5 0 0 4 20 04

00000084 1 0 0 5 08 00
00000084 2 0 0 5 08 01
00000084 3 0 0 5 08 02
00000084 4 0 0 5 08 03
00000084 5 0 0 5 08 04

00000084 1 0 0 5 10 00
00000084 2 0 0 5 10 01
00000084 3 0 0 5 10 02
00000084 4 0 0 5 10 03
00000084 5 0 0 5 10 04

00000084 1 0 0 6 20 00
00000084 2 0 0 6 20 01
00000084 3 0 0 6 20 02
00000084 4 0 0 6 20 03
00000084 5 0 0 6 20 04

00000084 1 0 0 7 08 00
00000084 2 0 0 7 08 01
00000084 3 0 0 7 08 02
00000084 4 0 0 7 08 03
00000084 5 0 0 7 08 04

00000084 1 0 0 7 10 00
00000084 2 0 0 7 10 01
00000084 3 0 0 7 10 02
00000084 4 0 0 7 10 03
00000084 5 0 0 7 10 04

00000084 1 0 0 8 20 00
00000084 2 0 0 8 20 01
00000084 3 0 0 8 20 02
00000084 4 0 0 8 20 03
00000084 5 0 0 8 20 04

0000008c 1 0 0 1 08 00
0000008c 2 0 0 1 08 01
0000008c 3 0 0 1 08 02
0000008c 4 0 0 1 08 03
0000008c 5 0 0 1 08 04

0000008c 1 0 0 1 10 00
0000008c 2 0 0 1 10 01
0000008c 3 0 0 1 10 02
0000008c 4 0 0 1 10 03
0000008c 5 0 0 1 10 04

0000008c 1 0 0 2 20 00
0000008c 2 0 0 2 20 01
0000008c 3 0 0 2 20 02
0000008c 4 0 0 2 20 03
0000008c 5 0 0 2 20 04

0000008c 1 0 0 3 08 00
0000008c 2 0 0 3 08 01
0000008c 3 0 0 3 08 02
0000008c 4 0 0 3 08 03
0000008c 5 0 0 3 08 04

0000008c 1 0 0 3 10 00
0000008c 2 0 0 3 10 01
0000008c 3 0 0 3 10 02
0000008c 4 0 0 3 10 03
0000008c 5 0 0 3 10 04

0000008c 1 0 0 4 20 00
0000008c 2 0 0 4 20 01
0000008c 3 0 0 4 20 02
0000008c 4 0 0 4 20 03
0000008c 5 0 0 4 20 04

0000008c 1 0 0 5 08 00
0000008c 2 0 0 5 08 01
0000008c 3 0 0 5 08 02
0000008c 4 0 0 5 08 03
0000008c 5 0 0 5 08 04

0000008c 1 0 0 5 10 00
0000008c 2 0 0 5 10 01
0000008c 3 0 0 5 10 02
0000008c 4 0 0 5 10 03
0000008c 5 0 0 5 10 04

0000008c 1 0 0 6 20 00
0000008c 2 0 0 6 20 01
0000008c 3 0 0 6 20 02
0000008c 4 0 0 6 20 03
0000008c 5 0 0 6 20 04

0000008c 1 0 0 7 08 00
0000008c 2 0 0 7 08 01
0000008c 3 0 0 7 08 02
0000008c 4 0 0 7 08 03
0000008c 5 0 0 7 08 04

0000008c 1 0 0 7 10 00
0000008c 2 0 0 7 10 01
0000008c 3 0 0 7 10 02
0000008c 4 0 0 7 10 03
0000008c 5 0 0 7 10 04

0000008c 1 0 0 8 20 00
0000008c 2 0 0 8 20 01
0000008c 3 0 0 8 20 02
0000008c 4 0 0 8 20 03
0000008c 5 0 0 8 20 04

00000095 1 0 0 1 08 00
00000095 2 0 0 1 08 01
00000095 3 0 0 1 08 02
00000095 4 0 0 1 08 03
00000095 5 0 0 1 08 04

00000095 1 0 0 1 10 00
00000095 2 0 0 1 10 01
00000095 3 0 0 1 10 02
00000095 4 0 0 1 10 03
00000095 5 0 0 1 10 04

00000095 1 0 0 2 20 00
00000095 2 0 0 2 20 01
00000095 3 0 0 2 20 02
00000095 4 0 0 2 20 03
00000095 5 0 0 2 20 04

00000095 1 0 0 3 08 00
00000095 2 0 0 3 08 01
00000095 3 0 0 3 08 02
00000095 4 0 0 3 08 03
00000095 5 0 0 3 08 04

00000095 1 0 0 3 10 00
00000095 2 0 0 3 10 01
00000095 3 0 0 3 10 02
00000095 4 0 0 3 10 03
00000095 5 0 0 3 10 04

00000095 1 0 0 4 20 00
00000095 2 0 0 4 20 01
00000095 3 0 0 4 20 02
00000095 4 0 0 4 20 03
00000095 5 0 0 4 20 04

00000095 1 0 0 5 08 00
00000095 2 0 0 5 08 01
00000095 3 0 0 5 08 02
00000095 4 0 0 5 08 03
00000095 5 0 0 5 08 04

00000095 1 0 0 5 10 00
00000095 2 0 0 5 10 01
00000095 3 0 0 5 10 02
00000095 4 0 0 5 10 03
00000095 5 0 0 5 10 04

00000095 1 0 0 6 20 00
00000095 2 0 0 6 20 01
00000095 3 0 0 6 20 02
00000095 4 0 0 6 20 03
00000095 5 0 0 6 20 04

00000095 1 0 0 7 08 00
00000095 2 0 0 7 08 01
00000095 3 0 0 7 08 02
00000095 4 0 0 7 08 03
00000095 5 0 0 7 08 04

00000095 1 0 0 7 10 00
00000095 2 0 0 7 10 01
00000095 3 0 0 7 10 02
00000095 4 0 0 7 10 03
00000095 5 0 0 7 10 04

00000095 1 0 0 8 20 00
00000095 2 0 0 8 20 01
00000095 3 0 0 8 20 02
00000095 4 0 0 8 20 03
00000095 5 0 0 8 20 04

0000009d 1 0 0 1 08 00
0000009d 2 0 0 1 08 01
0000009d 3 0 0 1 08 02
0000009d 4 0 0 1 08 03
0000009d 5 0 0 1 08 04

0000009d 1 0 0 1 10 00
0000009d 2 0 0 1 10 01
0000009d 3 0 0 1 10 02
0000009d 4 0 0 1 10 03
0000009d 5 0 0 1 10 04

0000009d 1 0 0 2 20 00
0000009d 2 0 0 2 20 01
0000009d 3 0 0 2 20 02
0000009d 4 0 0 2 20 03
0000009d 5 0 0 2 20 04

0000009d 1 0 0 3 08 00
0000009d 2 0 0 3 08 01
0000009d 3 0 0 3 08 02
0000009d 4 0 0 3 08 03
0000009d 5 0 0 3 08 04

0000009d 1 0 0 3 10 00
0000009d 2 0 0 3 10 01
0000009d 3 0 0 3 10 02
0000009d 4 0 0 3 10 03
0000009d 5 0 0 3 10 04

0000009d 1 0 0 4 20 00
0000009d 2 0 0 4 20 01
0000009d 3 0 0 4 20 02
0000009d 4 0 0 4 20 03
0000009d 5 0 0 4 20 04

0000009d 1 0 0 5 08 00
0000009d 2 0 0 5 08 01
0000009d 3 0 0 5 08 02
0000009d 4 0 0 5 08 03
0000009d 5 0 0 5 08 04

0000009d 1 0 0 5 10 00
0000009d 2 0 0 5 10 01
0000009d 3 0 0 5 10 02
0000009d 4 0 0 5 10 03
0000009d 5 0 0 5 10 04

0000009d 1 0 0 6 20 00
0000009d 2 0 0 6 20 01
0000009d 3 0 0 6 20 02
0000009d 4 0 0 6 20 03
0000009d 5 0 0 6 20 04

0000009d 1 0 0 7 08 00
0000009d 2 0 0 7 08 01
0000009d 3 0 0 7 08 02
0000009d 4 0 0 7 08 03
0000009d 5 0 0 7 08 04

0000009d 1 0 0 7 10 00
0000009d 2 0 0 7 10 01
0000009d 3 0 0 7 10 02
0000009d 4 0 0 7 10 03
0000009d 5 0 0 7 10 04

0000009d 1 0 0 8 20 00
0000009d 2 0 0 8 20 01
0000009d 3 0 0 8 20 02
0000009d 4 0 0 8 20 03
0000009d 5 0 0 8 20 04

000000a2 1 0 0 1 ff 00
000000a2 2 0 0 1 ff 01
000000a2 3 0 0 1 ff 02
000000a2 4 0 0 2 00 03
000000a2 5 0 0 2 00 04
000000a2 6 0 0 2 00 05

000000a2 1 0 0 2 ff 00
000000a2 2 0 0 2 ff 01
000000a2 3 0 0 2 ff 02
000000a2 4 0 0 3 00 03
000000a2 5 0 0 3 00 04
000000a2 6 0 0 3 00 05

000000a2 1 0 0 3 ff 00
000000a2 2 0 0 3 ff 01
000000a2 3 0 0 3 ff 02
000000a2 4 0 0 4 00 03
000000a2 5 0 0 4 00 04
000000a2 6 0 0 4 00 05

000000a2 1 0 0 4 ff 00
000000a2 2 0 0 4 ff 01
000000a2 3 0 0 4 ff 02
000000a2 4 0 0 5 00 03
000000a2 5 0 0 5 00 04
000000a2 6 0 0 5 00 05

000000a2 1 0 0 5 ff 00
000000a2 2 0 0 5 ff 01
000000a2 3 0 0 5 ff 02
000000a2 4 0 0 6 00 03
000000a2 5 0 0 6 00 04
000000a2 6 0 0 6 00 05

000000a2 1 0 0 6 ff 00
000000a2 2 0 0 6 ff 01
000000a2 3 0 0 6 ff 02
000000a2 4 0 0 7 00 03
000000a2 5 0 0 7 00 04
000000a2 6 0 0 7 00 05

000000a2 1 0 0 7 ff 00
000000a2 2 0 0 7 ff 01
000000a2 3 0 0 7 ff 02
000000a2 4 0 0 8 00 03
000000a2 5 0 0 8 00 04
000000a2 6 0 0 8 00 05

000000a2 1 0 0 8 ff 00
000000a2 2 0 0 8 ff 01
000000a2 3 0 0 8 ff 02
000000a2 4 0 0 1 00 03
000000a2 5 0 0 1 00 04
000000a2 6 0 0 1 00 05

000000ab 1 0 0 1 ff 00
000000ab 2 0 0 1 ff 01
000000ab 3 0 0 1 ff 02
000000ab 4 0 0 2 00 03
000000ab 5 0 0 2 00 04
000000ab 6 0 0 2 00 05

000000ab 1 0 0 2 ff 00
000000ab 2 0 0 2 ff 01
000000ab 3 0 0 2 ff 02
000000ab 4 0 0 3 00 03
000000ab 5 0 0 3 00 04
000000ab 6 0 0 3 00 05

000000ab 1 0 0 3 ff 00
000000ab 2 0 0 3 ff 01
000000ab 3 0 0 3 ff 02
000000ab 4 0 0 4 00 03
000000ab 5 0 0 4 00 04
000000ab 6 0 0 4 00 05

000000ab 1 0 0 4 ff 00
000000ab 2 0 0 4 ff 01
000000ab 3 0 0 4 ff 02
000000ab 4 0 0 5 00 03
000000ab 5 0 0 5 00 04
000000ab 6 0 0 5 00 05

000000ab 1 0 0 5 ff 00
000000ab 2 0 0 5 ff 01
000000ab 3 0 0 5 ff 02
000000ab 4 0 0 6 00 03
000000ab 5 0 0 6 00 04
000000ab 6 0 0 6 00 05

000000ab 1 0 0 6 ff 00
000000ab 2 0 0 6 ff 01
000000ab 3 0 0 6 ff 02
000000ab 4 0 0 7 00 03
000000ab 5 0 0 7 00 04
000000ab 6 0 0 7 00 05

000000ab 1 0 0 7 ff 00
000000ab 2 0 0 7 ff 01
000000ab 3 0 0 7 ff 02
000000ab 4 0 0 8 00 03
000000ab 5 0 0 8 00 04
000000ab 6 0 0 8 00 05

000000ab 1 0 0 8 ff 00
000000ab 2 0 0 8 ff 01
000000ab 3 0 0 8 ff 02
000000ab 4 0 0 1 00 03
000000ab 5 0 0 1 00 04
000000ab 6 0 0 1 00 05

000000b4 1 0 0 1 ff 00
000000b4 2 0 0 1 ff 01
000000b4 3 0 0 1 ff 02
000000b4 4 0 0 2 00 03
000000b4 5 0 0 2 00 04
000000b4 6 0 0 2 00 05

000000b4 1 0 0 2 ff 00
000000b4 2 0 0 2 ff 01
000000b4 3 0 0 2 ff 02
000000b4 4 0 0 3 00 03
000000b4 5 0 0 3 00 04
000000b4 6 0 0 3 00 05

000000b4 1 0 0 3 ff 00
000000b4 2 0 0 3 ff 01
000000b4 3 0 0 3 ff 02
000000b4 4 0 0 4 00 03
000000b4 5 0 0 4 00 04
000000b4 6 0 0 4 00 05

000000b4 1 0 0 4 ff 00
000000b4 2 0 0 4 ff 01
000000b4 3 0 0 4 ff 02
000000b4 4 0 0 5 00 03
000000b4 5 0 0 5 00 04
000000b4 6 0 0 5 00 05

000000b4 1 0 0 5 ff 00
000000b4 2 0 0 5 ff 01
000000b4 3 0 0 5 ff 02
000000b4 4 0 0 6 00 03
000000b4 5 0 0 6 00 04
000000b4 6 0 0 6 00 05

000000b4 1 0 0 6 ff 00
000000b4 2 0 0 6 ff 01
000000b4 3 0 0 6 ff 02
000000b4 4 0 0 7 00 03
000000b4 5 0 0 7 00 04
000000b4 6 0 0 7 00 05

000000b4 1 0 0 7 ff 00
000000b4 2 0 0 7 ff 01
000000b4 3 0 0 7 ff 02
000000b4 4 0 0 8 00 03
000000b4 5 0 0 8 00 04
000000b4 6 0 0 8 00 05

000000b4 1 0 0 8 ff 00
000000b4 2 0 0 8 ff 01
000000b4 3 0 0 8 ff 02
000000b4 4 0 0 1 00 03
000000b4 5 0 0 1 00 04
000000b4 6 0 0 1 00 05

000000bd 1 0 0 1 ff 00
000000bd 2 0 0 1 ff 01
000000bd 3 0 0 1 ff 02
000000bd 4 0 0 2 00 03
000000bd 5 0 0 2 00 04
000000bd 6 0 0 2 00 05

000000bd 1 0 0 2 ff 00
000000bd 2 0 0 2 ff 01
000000bd 3 0 0 2 ff 02
000000bd 4 0 0 3 00 03
000000bd 5 0 0 3 00 04
000000bd 6 0 0 3 00 05

000000bd 1 0 0 3 ff 00
000000bd 2 0 0 3 ff 01
000000bd 3 0 0 3 ff 02
000000bd 4 0 0 4 00 03
000000bd 5 0 0 4 00 04
000000bd 6 0 0 4 00 05

000000bd 1 0 0 4 ff 00
000000bd 2 0 0 4 ff 01
000000bd 3 0 0 4 ff 02
000000bd 4 0 0 5 00 03
000000bd 5 0 0 5 00 04
000000bd 6 0 0 5 00 05

000000bd 1 0 0 5 ff 00
000000bd 2 0 0 5 ff 01
000000bd 3 0 0 5 ff 02
000000bd 4 0 0 6 00 03
000000bd 5 0 0 6 00 04
000000bd 6 0 0 6 00 05

000000bd 1 0 0 6 ff 00
000000bd 2 0 0 6 ff 01
000000bd 3 0 0 6 ff 02
000000bd 4 0 0 7 00 03
000000bd 5 0 0 7 00 04
000000bd 6 0 0 7 00 05

000000bd 1 0 0 7 ff 00
000000bd 2 0 0 7 ff 01
000000bd 3 0 0 7 ff 02
000000bd 4 0 0 8 00 03
000000bd 5 0 0 8 00 04
000000bd 6 0 0 8 00 05

000000bd 1 0 0 8 ff 00
000000bd 2 0 0 8 ff 01
000000bd 3 0 0 8 ff 02
000000bd 4 0 0 1 00 03
000000bd 5 0 0 1 00 04
000000bd 6 0 0 1 00 05

000000c2 1 0 0 1 00 00
000000c2 2 0 0 1 00 01
000000c2 3 0 0 1 00 02
000000c2 4 0 0 8 ff 03
000000c2 5 0 0 8 ff 04
000000c2 6 0 0 8 ff 05

000000c2 1 0 0 2 00 00
000000c2 2 0 0 2 00 01
000000c2 3 0 0 2 00 02
000000c2 4 0 0 1 ff 03
000000c2 5 0 0 1 ff 04
000000c2 6 0 0 1 ff 05

000000c2 1 0 0 3 00 00
000000c2 2 0 0 3 00 01
000000c2 3 0 0 3 00 02
000000c2 4 0 0 2 ff 03
000000c2 5 0 0 2 ff 04
000000c2 6 0 0 2 ff 05

000000c2 1 0 0 4 00 00
000000c2 2 0 0 4 00 01
000000c2 3 0 0 4 00 02
000000c2 4 0 0 3 ff 03
000000c2 5 0 0 3 ff 04
000000c2 6 0 0 3 ff 05

000000c2 1 0 0 5 00 00
000000c2 2 0 0 5 00 01
000000c2 3 0 0 5 00 02
000000c2 4 0 0 4 ff 03
000000c2 5 0 0 4 ff 04
000000c2 6 0 0 4 ff 05

000000c2 1 0 0 6 00 00
000000c2 2 0 0 6 00 01
000000c2 3 0 0 6 00 02
000000c2 4 0 0 5 ff 03
000000c2 5 0 0 5 ff 04
000000c2 6 0 0 5 ff 05

000000c2 1 0 0 7 00 00
000000c2 2 0 0 7 00 01
000000c2 3 0 0 7 00 02
000000c2 4 0 0 6 ff 03
000000c2 5 0 0 6 ff 04
000000c2 6 0 0 6 ff 05

000000c2 1 0 0 8 00 00
000000c2 2 0 0 8 00 01
000000c2 3 0 0 8 00 02
000000c2 4 0 0 7 ff 03
000000c2 5 0 0 7 ff 04
000000c2 6 0 0 7 ff 05

000000cb 1 0 0 1 00 00
000000cb 2 0 0 1 00 01
000000cb 3 0 0 1 00 02
000000cb 4 0 0 8 ff 03
000000cb 5 0 0 8 ff 04
000000cb 6 0 0 8 ff 05

000000cb 1 0 0 2 00 00
000000cb 2 0 0 2 00 01
000000cb 3 0 0 2 00 02
000000cb 4 0 0 1 ff 03
000000cb 5 0 0 1 ff 04
000000cb 6 0 0 1 ff 05

000000cb 1 0 0 3 00 00
000000cb 2 0 0 3 00 01
000000cb 3 0 0 3 00 02
000000cb 4 0 0 2 ff 03
000000cb 5 0 0 2 ff 04
000000cb 6 0 0 2 ff 05

000000cb 1 0 0 4 00 00
000000cb 2 0 0 4 00 01
000000cb 3 0 0 4 00 02
000000cb 4 0 0 3 ff 03
000000cb 5 0 0 3 ff 04
000000cb 6 0 0 3 ff 05

000000cb 1 0 0 5 00 00
000000cb 2 0 0 5 00 01
000000cb 3 0 0 5 00 02
000000cb 4 0 0 4 ff 03
000000cb 5 0 0 4 ff 04
000000cb 6 0 0 4 ff 05

000000cb 1 0 0 6 00 00
000000cb 2 0 0 6 00 01
000000cb 3 0 0 6 00 02
000000cb 4 0 0 5 ff 03
000000cb 5 0 0 5 ff 04
000000cb 6 0 0 5 ff 05

000000cb 1 0 0 7 00 00
000000cb 2 0 0 7 00 01
000000cb 3 0 0 7 00 02
000000cb 4 0 0 6 ff 03
000000cb 5 0 0 6 ff 04
000000cb 6 0 0 6 ff 05

000000cb 1 0 0 8 00 00
000000cb 2 0 0 8 00 01
000000cb 3 0 0 8 00 02
000000cb 4 0 0 7 ff 03
000000cb 5 0 0 7 ff 04
000000cb 6 0 0 7 ff 05

000000d4 1 0 0 1 00 00
000000d4 2 0 0 1 00 01
000000d4 3 0 0 1 00 02
000000d4 4 0 0 8 ff 03
000000d4 5 0 0 8 ff 04
000000d4 6 0 0 8 ff 05

000000d4 1 0 0 2 00 00
000000d4 2 0 0 2 00 01
000000d4 3 0 0 2 00 02
000000d4 4 0 0 1 ff 03
000000d4 5 0 0 1 ff 04
000000d4 6 0 0 1 ff 05

000000d4 1 0 0 3 00 00
000000d4 2 0 0 3 00 01
000000d4 3 0 0 3 00 02
000000d4 4 0 0 2 ff 03
000000d4 5 0 0 2 ff 04
000000d4 6 0 0 2 ff 05

000000d4 1 0 0 4 00 00
000000d4 2 0 0 4 00 01
000000d4 3 0 0 4 00 02
000000d4 4 0 0 3 ff 03
000000d4 5 0 0 3 ff 04
000000d4 6 0 0 3 ff 05

000000d4 1 0 0 5 00 00
000000d4 2 0 0 5 00 01
000000d4 3 0 0 5 00 02
000000d4 4 0 0 4 ff 03
000000d4 5 0 0 4 ff 04
000000d4 6 0 0 4 ff 05

000000d4 1 0 0 6 00 00
000000d4 2 0 0 6 00 01
000000d4 3 0 0 6 00 02
000000d4 4 0 0 5 ff 03
000000d4 5 0 0 5 ff 04
000000d4 6 0 0 5 ff 05

000000d4 1 0 0 7 00 00
000000d4 2 0 0 7 00 01
000000d4 3 0 0 7 00 02
000000d4 4 0 0 6 ff 03
000000d4 5 0 0 6 ff 04
000000d4 6 0 0 6 ff 05

000000d4 1 0 0 8 00 00
000000d4 2 0 0 8 00 01
000000d4 3 0 0 8 00 02
000000d4 4 0 0 7 ff 03
000000d4 5 0 0 7 ff 04
000000d4 6 0 0 7 ff 05

000000dd 1 0 0 1 00 00
000000dd 2 0 0 1 00 01
000000dd 3 0 0 1 00 02
000000dd 4 0 0 8 ff 03
000000dd 5 0 0 8 ff 04
000000dd 6 0 0 8 ff 05

000000dd 1 0 0 2 00 00
000000dd 2 0 0 2 00 01
000000dd 3 0 0 2 00 02
000000dd 4 0 0 1 ff 03
000000dd 5 0 0 1 ff 04
000000dd 6 0 0 1 ff 05

000000dd 1 0 0 3 00 00
000000dd 2 0 0 3 00 01
000000dd 3 0 0 3 00 02
000000dd 4 0 0 2 ff 03
000000dd 5 0 0 2 ff 04
000000dd 6 0 0 2 ff 05

000000dd 1 0 0 4 00 00
000000dd 2 0 0 4 00 01
000000dd 3 0 0 4 00 02
000000dd 4 0 0 3 ff 03
000000dd 5 0 0 3 ff 04
000000dd 6 0 0 3 ff 05

000000dd 1 0 0 5 00 00
000000dd 2 0 0 5 00 01
000000dd 3 0 0 5 00 02
000000dd 4 0 0 4 ff 03
000000dd 5 0 0 4 ff 04
000000dd 6 0 0 4 ff 05

000000dd 1 0 0 6 00 00
000000dd 2 0 0 6 00 01
000000dd 3 0 0 6 00 02
000000dd 4 0 0 5 ff 03
000000dd 5 0 0 5 ff 04
000000dd 6 0 0 5 ff 05

000000dd 1 0 0 7 00 00
000000dd 2 0 0 7 00 01
000000dd 3 0 0 7 00 02
000000dd 4 0 0 6 ff 03
000000dd 5 0 0 6 ff 04
000000dd 6 0 0 6 ff 05

000000dd 1 0 0 8 00 00
000000dd 2 0 0 8 00 01
000000dd 3 0 0 8 00 02
000000dd 4 0 0 7 ff 03
000000dd 5 0 0 7 ff 04
000000dd 6 0 0 7 ff 05

000000e2 1 0 0 1 ff 00
000000e2 2 0 0 1 ff 01
000000e2 3 0 0 1 ff 02
000000e2 4 0 0 2 01 03
000000e2 5 0 0 2 01 04
000000e2 6 0 0 2 01 05

000000e2 1 0 0 2 ff 00
000000e2 2 0 0 2 ff 01
000000e2 3 0 0 2 ff 02
000000e2 4 0 0 3 01 03
000000e2 5 0 0 3 01 04
000000e2 6 0 0 3 01 05

000000e2 1 0 0 3 ff 00
000000e2 2 0 0 3 ff 01
000000e2 3 0 0 3 ff 02
000000e2 4 0 0 4 01 03
000000e2 5 0 0 4 01 04
000000e2 6 0 0 4 01 05

000000e2 1 0 0 4 ff 00
000000e2 2 0 0 4 ff 01
000000e2 3 0 0 4 ff 02
000000e2 4 0 0 5 01 03
000000e2 5 0 0 5 01 04
000000e2 6 0 0 5 01 05

000000e2 1 0 0 5 ff 00
000000e2 2 0 0 5 ff 01
000000e2 3 0 0 5 ff 02
000000e2 4 0 0 6 01 03
000000e2 5 0 0 6 01 04
000000e2 6 0 0 6 01 05

000000e2 1 0 0 6 ff 00
000000e2 2 0 0 6 ff 01
000000e2 3 0 0 6 ff 02
000000e2 4 0 0 7 01 03
000000e2 5 0 0 7 01 04
000000e2 6 0 0 7 01 05

000000e2 1 0 0 7 ff 00
000000e2 2 0 0 7 ff 01
000000e2 3 0 0 7 ff 02
000000e2 4 0 0 8 01 03
000000e2 5 0 0 8 01 04
000000e2 6 0 0 8 01 05

000000e2 1 0 0 8 ff 00
000000e2 2 0 0 8 ff 01
000000e2 3 0 0 8 ff 02
000000e2 4 0 0 0 01 03
000000e2 5 0 0 0 01 04
000000e2 6 0 0 0 01 05

000000eb 1 0 0 1 ff 00
000000eb 2 0 0 1 ff 01
000000eb 3 0 0 1 ff 02
000000eb 4 0 0 2 01 03
000000eb 5 0 0 2 01 04
000000eb 6 0 0 2 01 05

000000eb 1 0 0 2 ff 00
000000eb 2 0 0 2 ff 01
000000eb 3 0 0 2 ff 02
000000eb 4 0 0 3 01 03
000000eb 5 0 0 3 01 04
000000eb 6 0 0 3 01 05

000000eb 1 0 0 3 ff 00
000000eb 2 0 0 3 ff 01
000000eb 3 0 0 3 ff 02
000000eb 4 0 0 4 01 03
000000eb 5 0 0 4 01 04
000000eb 6 0 0 4 01 05

000000eb 1 0 0 4 ff 00
000000eb 2 0 0 4 ff 01
000000eb 3 0 0 4 ff 02
000000eb 4 0 0 5 01 03
000000eb 5 0 0 5 01 04
000000eb 6 0 0 5 01 05

000000eb 1 0 0 5 ff 00
000000eb 2 0 0 5 ff 01
000000eb 3 0 0 5 ff 02
000000eb 4 0 0 6 01 03
000000eb 5 0 0 6 01 04
000000eb 6 0 0 6 01 05

000000eb 1 0 0 6 ff 00
000000eb 2 0 0 6 ff 01
000000eb 3 0 0 6 ff 02
000000eb 4 0 0 7 01 03
000000eb 5 0 0 7 01 04
000000eb 6 0 0 7 01 05

000000eb 1 0 0 7 ff 00
000000eb 2 0 0 7 ff 01
000000eb 3 0 0 7 ff 02
000000eb 4 0 0 8 01 03
000000eb 5 0 0 8 01 04
000000eb 6 0 0 8 01 05

000000eb 1 0 0 8 ff 00
000000eb 2 0 0 8 ff 01
000000eb 3 0 0 8 ff 02
000000eb 4 0 0 0 01 03
000000eb 5 0 0 0 01 04
000000eb 6 0 0 0 01 05

000000f4 1 0 0 1 ff 00
000000f4 2 0 0 1 ff 01
000000f4 3 0 0 1 ff 02
000000f4 4 0 0 2 01 03
000000f4 5 0 0 2 01 04
000000f4 6 0 0 2 01 05

000000f4 1 0 0 2 ff 00
000000f4 2 0 0 2 ff 01
000000f4 3 0 0 2 ff 02
000000f4 4 0 0 3 01 03
000000f4 5 0 0 3 01 04
000000f4 6 0 0 3 01 05

000000f4 1 0 0 3 ff 00
000000f4 2 0 0 3 ff 01
000000f4 3 0 0 3 ff 02
000000f4 4 0 0 4 01 03
000000f4 5 0 0 4 01 04
000000f4 6 0 0 4 01 05

000000f4 1 0 0 4 ff 00
000000f4 2 0 0 4 ff 01
000000f4 3 0 0 4 ff 02
000000f4 4 0 0 5 01 03
000000f4 5 0 0 5 01 04
000000f4 6 0 0 5 01 05

000000f4 1 0 0 5 ff 00
000000f4 2 0 0 5 ff 01
000000f4 3 0 0 5 ff 02
000000f4 4 0 0 6 01 03
000000f4 5 0 0 6 01 04
000000f4 6 0 0 6 01 05

000000f4 1 0 0 6 ff 00
000000f4 2 0 0 6 ff 01
000000f4 3 0 0 6 ff 02
000000f4 4 0 0 7 01 03
000000f4 5 0 0 7 01 04
000000f4 6 0 0 7 01 05

000000f4 1 0 0 7 ff 00
000000f4 2 0 0 7 ff 01
000000f4 3 0 0 7 ff 02
000000f4 4 0 0 8 01 03
000000f4 5 0 0 8 01 04
000000f4 6 0 0 8 01 05

000000f4 1 0 0 8 ff 00
000000f4 2 0 0 8 ff 01
000000f4 3 0 0 8 ff 02
000000f4 4 0 0 0 01 03
000000f4 5 0 0 0 01 04
000000f4 6 0 0 0 01 05

000000fd 1 0 0 1 ff 00
000000fd 2 0 0 1 ff 01
000000fd 3 0 0 1 ff 02
000000fd 4 0 0 2 01 03
000000fd 5 0 0 2 01 04
000000fd 6 0 0 2 01 05

000000fd 1 0 0 2 ff 00
000000fd 2 0 0 2 ff 01
000000fd 3 0 0 2 ff 02
000000fd 4 0 0 3 01 03
000000fd 5 0 0 3 01 04
000000fd 6 0 0 3 01 05

000000fd 1 0 0 3 ff 00
000000fd 2 0 0 3 ff 01
000000fd 3 0 0 3 ff 02
000000fd 4 0 0 4 01 03
000000fd 5 0 0 4 01 04
000000fd 6 0 0 4 01 05

000000fd 1 0 0 4 ff 00
000000fd 2 0 0 4 ff 01
000000fd 3 0 0 4 ff 02
000000fd 4 0 0 5 01 03
000000fd 5 0 0 5 01 04
000000fd 6 0 0 5 01 05

000000fd 1 0 0 5 ff 00
000000fd 2 0 0 5 ff 01
000000fd 3 0 0 5 ff 02
000000fd 4 0 0 6 01 03
000000fd 5 0 0 6 01 04
000000fd 6 0 0 6 01 05

000000fd 1 0 0 6 ff 00
000000fd 2 0 0 6 ff 01
000000fd 3 0 0 6 ff 02
000000fd 4 0 0 7 01 03
000000fd 5 0 0 7 01 04
000000fd 6 0 0 7 01 05

000000fd 1 0 0 7 ff 00
000000fd 2 0 0 7 ff 01
000000fd 3 0 0 7 ff 02
000000fd 4 0 0 8 01 03
000000fd 5 0 0 8 01 04
000000fd 6 0 0 8 01 05

000000fd 1 0 0 8 ff 00
000000fd 2 0 0 8 ff 01
000000fd 3 0 0 8 ff 02
000000fd 4 0 0 0 01 03
000000fd 5 0 0 0 01 04
000000fd 6 0 0 0 01 05

00000102 1 0 0 1 01 00
00000102 2 0 0 1 01 01
00000102 3 0 0 1 01 02
00000102 4 0 0 8 ff 03
00000102 5 0 0 8 ff 04
00000102 6 0 0 8 ff 05

00000102 1 0 0 2 01 00
00000102 2 0 0 2 01 01
00000102 3 0 0 2 01 02
00000102 4 0 0 1 ff 03
00000102 5 0 0 1 ff 04
00000102 6 0 0 1 ff 05

00000102 1 0 0 3 01 00
00000102 2 0 0 3 01 01
00000102 3 0 0 3 01 02
00000102 4 0 0 2 ff 03
00000102 5 0 0 2 ff 04
00000102 6 0 0 2 ff 05

00000102 1 0 0 4 01 00
00000102 2 0 0 4 01 01
00000102 3 0 0 4 01 02
00000102 4 0 0 3 ff 03
00000102 5 0 0 3 ff 04
00000102 6 0 0 3 ff 05

00000102 1 0 0 5 01 00
00000102 2 0 0 5 01 01
00000102 3 0 0 5 01 02
00000102 4 0 0 4 ff 03
00000102 5 0 0 4 ff 04
00000102 6 0 0 4 ff 05

00000102 1 0 0 6 01 00
00000102 2 0 0 6 01 01
00000102 3 0 0 6 01 02
00000102 4 0 0 5 ff 03
00000102 5 0 0 5 ff 04
00000102 6 0 0 5 ff 05

00000102 1 0 0 7 01 00
00000102 2 0 0 7 01 01
00000102 3 0 0 7 01 02
00000102 4 0 0 6 ff 03
00000102 5 0 0 6 ff 04
00000102 6 0 0 6 ff 05

00000102 1 0 0 8 01 00
00000102 2 0 0 8 01 01
00000102 3 0 0 8 01 02
00000102 4 0 0 7 ff 03
00000102 5 0 0 7 ff 04
00000102 6 0 0 7 ff 05

0000010b 1 0 0 1 01 00
0000010b 2 0 0 1 01 01
0000010b 3 0 0 1 01 02
0000010b 4 0 0 8 ff 03
0000010b 5 0 0 8 ff 04
0000010b 6 0 0 8 ff 05

0000010b 1 0 0 2 01 00
0000010b 2 0 0 2 01 01
0000010b 3 0 0 2 01 02
0000010b 4 0 0 1 ff 03
0000010b 5 0 0 1 ff 04
0000010b 6 0 0 1 ff 05

0000010b 1 0 0 3 01 00
0000010b 2 0 0 3 01 01
0000010b 3 0 0 3 01 02
0000010b 4 0 0 2 ff 03
0000010b 5 0 0 2 ff 04
0000010b 6 0 0 2 ff 05

0000010b 1 0 0 4 01 00
0000010b 2 0 0 4 01 01
0000010b 3 0 0 4 01 02
0000010b 4 0 0 3 ff 03
0000010b 5 0 0 3 ff 04
0000010b 6 0 0 3 ff 05

0000010b 1 0 0 5 01 00
0000010b 2 0 0 5 01 01
0000010b 3 0 0 5 01 02
0000010b 4 0 0 4 ff 03
0000010b 5 0 0 4 ff 04
0000010b 6 0 0 4 ff 05

0000010b 1 0 0 6 01 00
0000010b 2 0 0 6 01 01
0000010b 3 0 0 6 01 02
0000010b 4 0 0 5 ff 03
0000010b 5 0 0 5 ff 04
0000010b 6 0 0 5 ff 05

0000010b 1 0 0 7 01 00
0000010b 2 0 0 7 01 01
0000010b 3 0 0 7 01 02
0000010b 4 0 0 6 ff 03
0000010b 5 0 0 6 ff 04
0000010b 6 0 0 6 ff 05

0000010b 1 0 0 8 01 00
0000010b 2 0 0 8 01 01
0000010b 3 0 0 8 01 02
0000010b 4 0 0 7 ff 03
0000010b 5 0 0 7 ff 04
0000010b 6 0 0 7 ff 05

00000114 1 0 0 1 01 00
00000114 2 0 0 1 01 01
00000114 3 0 0 1 01 02
00000114 4 0 0 8 ff 03
00000114 5 0 0 8 ff 04
00000114 6 0 0 8 ff 05

00000114 1 0 0 2 01 00
00000114 2 0 0 2 01 01
00000114 3 0 0 2 01 02
00000114 4 0 0 1 ff 03
00000114 5 0 0 1 ff 04
00000114 6 0 0 1 ff 05

00000114 1 0 0 3 01 00
00000114 2 0 0 3 01 01
00000114 3 0 0 3 01 02
00000114 4 0 0 2 ff 03
00000114 5 0 0 2 ff 04
00000114 6 0 0 2 ff 05

00000114 1 0 0 4 01 00
00000114 2 0 0 4 01 01
00000114 3 0 0 4 01 02
00000114 4 0 0 3 ff 03
00000114 5 0 0 3 ff 04
00000114 6 0 0 3 ff 05

00000114 1 0 0 5 01 00
00000114 2 0 0 5 01 01
00000114 3 0 0 5 01 02
00000114 4 0 0 4 ff 03
00000114 5 0 0 4 ff 04
00000114 6 0 0 4 ff 05

00000114 1 0 0 6 01 00
00000114 2 0 0 6 01 01
00000114 3 0 0 6 01 02
00000114 4 0 0 5 ff 03
00000114 5 0 0 5 ff 04
00000114 6 0 0 5 ff 05

00000114 1 0 0 7 01 00
00000114 2 0 0 7 01 01
00000114 3 0 0 7 01 02
00000114 4 0 0 6 ff 03
00000114 5 0 0 6 ff 04
00000114 6 0 0 6 ff 05

00000114 1 0 0 8 01 00
00000114 2 0 0 8 01 01
00000114 3 0 0 8 01 02
00000114 4 0 0 7 ff 03
00000114 5 0 0 7 ff 04
00000114 6 0 0 7 ff 05

0000011d 1 0 0 1 01 00
0000011d 2 0 0 1 01 01
0000011d 3 0 0 1 01 02
0000011d 4 0 0 8 ff 03
0000011d 5 0 0 8 ff 04
0000011d 6 0 0 8 ff 05

0000011d 1 0 0 2 01 00
0000011d 2 0 0 2 01 01
0000011d 3 0 0 2 01 02
0000011d 4 0 0 1 ff 03
0000011d 5 0 0 1 ff 04
0000011d 6 0 0 1 ff 05

0000011d 1 0 0 3 01 00
0000011d 2 0 0 3 01 01
0000011d 3 0 0 3 01 02
0000011d 4 0 0 2 ff 03
0000011d 5 0 0 2 ff 04
0000011d 6 0 0 2 ff 05

0000011d 1 0 0 4 01 00
0000011d 2 0 0 4 01 01
0000011d 3 0 0 4 01 02
0000011d 4 0 0 3 ff 03
0000011d 5 0 0 3 ff 04
0000011d 6 0 0 3 ff 05

0000011d 1 0 0 5 01 00
0000011d 2 0 0 5 01 01
0000011d 3 0 0 5 01 02
0000011d 4 0 0 4 ff 03
0000011d 5 0 0 4 ff 04
0000011d 6 0 0 4 ff 05

0000011d 1 0 0 6 01 00
0000011d 2 0 0 6 01 01
0000011d 3 0 0 6 01 02
0000011d 4 0 0 5 ff 03
0000011d 5 0 0 5 ff 04
0000011d 6 0 0 5 ff 05

0000011d 1 0 0 7 01 00
0000011d 2 0 0 7 01 01
0000011d 3 0 0 7 01 02
0000011d 4 0 0 6 ff 03
0000011d 5 0 0 6 ff 04
0000011d 6 0 0 6 ff 05

0000011d 1 0 0 8 01 00
0000011d 2 0 0 8 01 01
0000011d 3 0 0 8 01 02
0000011d 4 0 0 7 ff 03
0000011d 5 0 0 7 ff 04
0000011d 6 0 0 7 ff 05

00000182 1 0 0 1 48 00
00000182 1 0 0 1 50 00
00000182 1 0 0 2 60 00
00000182 1 0 0 3 48 00
00000182 1 0 0 3 50 00
00000182 1 0 0 4 60 00
00000182 1 0 0 5 48 00
00000182 1 0 0 5 50 00
00000182 1 0 0 6 60 00
00000182 1 0 0 7 48 00
00000182 1 0 0 7 50 00
00000182 1 0 0 8 60 00
00000182 2 0 0 1 48 01
00000182 2 0 0 1 50 01
00000182 2 0 0 2 60 01
00000182 2 0 0 3 48 01
00000182 2 0 0 3 50 01
00000182 2 0 0 4 60 01
00000182 2 0 0 5 48 01
00000182 2 0 0 5 50 01
00000182 2 0 0 6 60 01
00000182 2 0 0 7 48 01
00000182 2 0 0 7 50 01
00000182 2 0 0 8 60 01
00000182 3 0 0 1 48 02
00000182 3 0 0 1 50 02
00000182 3 0 0 2 60 02
00000182 3 0 0 3 48 02
00000182 3 0 0 3 50 02
00000182 3 0 0 4 60 02
00000182 3 0 0 5 48 02
00000182 3 0 0 5 50 02
00000182 3 0 0 6 60 02
00000182 3 0 0 7 48 02
00000182 3 0 0 7 50 02
00000182 3 0 0 8 60 02
00000182 4 0 0 1 48 03
00000182 4 0 0 1 50 03
00000182 4 0 0 2 60 03
00000182 4 0 0 3 48 03
00000182 4 0 0 3 50 03
00000182 4 0 0 4 60 03
00000182 4 0 0 5 48 03
00000182 4 0 0 5 50 03
00000182 4 0 0 6 60 03
00000182 4 0 0 7 48 03
00000182 4 0 0 7 50 03
00000182 4 0 0 8 60 03
00000182 5 0 0 1 48 04
00000182 5 0 0 1 50 04
00000182 5 0 0 2 60 04
00000182 5 0 0 3 48 04
00000182 5 0 0 3 50 04
00000182 5 0 0 4 60 04
00000182 5 0 0 5 48 04
00000182 5 0 0 5 50 04
00000182 5 0 0 6 60 04
00000182 5 0 0 7 48 04
00000182 5 0 0 7 50 04
00000182 5 0 0 8 60 04
00000182 6 0 0 1 48 05
00000182 6 0 0 1 50 05
00000182 6 0 0 2 60 05
00000182 6 0 0 3 48 05
00000182 6 0 0 3 50 05
00000182 6 0 0 4 60 05
00000182 6 0 0 5 48 05
00000182 6 0 0 5 50 05
00000182 6 0 0 6 60 05
00000182 6 0 0 7 48 05
00000182 6 0 0 7 50 05
00000182 6 0 0 8 60 05

00000283 1 0 0 1 48 00
00000283 1 0 0 1 50 00
00000283 1 0 0 2 60 00
00000283 1 0 0 3 48 00
00000283 1 0 0 3 50 00
00000283 1 0 0 4 60 00
00000283 1 0 0 5 48 00
00000283 1 0 0 5 50 00
00000283 1 0 0 6 60 00
00000283 1 0 0 7 48 00
00000283 1 0 0 7 50 00
00000283 1 0 0 8 60 00
00000283 2 0 0 1 48 01
00000283 2 0 0 1 50 01
00000283 2 0 0 2 60 01
00000283 2 0 0 3 48 01
00000283 2 0 0 3 50 01
00000283 2 0 0 4 60 01
00000283 2 0 0 5 48 01
00000283 2 0 0 5 50 01
00000283 2 0 0 6 60 01
00000283 2 0 0 7 48 01
00000283 2 0 0 7 50 01
00000283 2 0 0 8 60 01
00000283 3 0 0 1 48 02
00000283 3 0 0 1 50 02
00000283 3 0 0 2 60 02
00000283 3 0 0 3 48 02
00000283 3 0 0 3 50 02
00000283 3 0 0 4 60 02
00000283 3 0 0 5 48 02
00000283 3 0 0 5 50 02
00000283 3 0 0 6 60 02
00000283 3 0 0 7 48 02
00000283 3 0 0 7 50 02
00000283 3 0 0 8 60 02
00000283 4 0 0 1 48 03
00000283 4 0 0 1 50 03
00000283 4 0 0 2 60 03
00000283 4 0 0 3 48 03
00000283 4 0 0 3 50 03
00000283 4 0 0 4 60 03
00000283 4 0 0 5 48 03
00000283 4 0 0 5 50 03
00000283 4 0 0 6 60 03
00000283 4 0 0 7 48 03
00000283 4 0 0 7 50 03
00000283 4 0 0 8 60 03
00000283 5 0 0 1 48 04
00000283 5 0 0 1 50 04
00000283 5 0 0 2 60 04
00000283 5 0 0 3 48 04
00000283 5 0 0 3 50 04
00000283 5 0 0 4 60 04
00000283 5 0 0 5 48 04
00000283 5 0 0 5 50 04
00000283 5 0 0 6 60 04
00000283 5 0 0 7 48 04
00000283 5 0 0 7 50 04
00000283 5 0 0 8 60 04
00000283 6 0 0 1 48 05
00000283 6 0 0 1 50 05
00000283 6 0 0 2 60 05
00000283 6 0 0 3 48 05
00000283 6 0 0 3 50 05
00000283 6 0 0 4 60 05
00000283 6 0 0 5 48 05
00000283 6 0 0 5 50 05
00000283 6 0 0 6 60 05
00000283 6 0 0 7 48 05
00000283 6 0 0 7 50 05
00000283 6 0 0 8 60 05

00000384 1 0 0 1 88 00
00000384 1 0 0 1 90 00
00000384 1 0 0 2 a0 00
00000384 1 0 0 3 88 00
00000384 1 0 0 3 90 00
00000384 1 0 0 4 a0 00
00000384 1 0 0 5 88 00
00000384 1 0 0 5 90 00
00000384 1 0 0 6 a0 00
00000384 1 0 0 7 88 00
00000384 1 0 0 7 90 00
00000384 1 0 0 8 a0 00
00000384 2 0 0 1 88 01
00000384 2 0 0 1 90 01
00000384 2 0 0 2 a0 01
00000384 2 0 0 3 88 01
00000384 2 0 0 3 90 01
00000384 2 0 0 4 a0 01
00000384 2 0 0 5 88 01
00000384 2 0 0 5 90 01
00000384 2 0 0 6 a0 01
00000384 2 0 0 7 88 01
00000384 2 0 0 7 90 01
00000384 2 0 0 8 a0 01
00000384 3 0 0 1 88 02
00000384 3 0 0 1 90 02
00000384 3 0 0 2 a0 02
00000384 3 0 0 3 88 02
00000384 3 0 0 3 90 02
00000384 3 0 0 4 a0 02
00000384 3 0 0 5 88 02
00000384 3 0 0 5 90 02
00000384 3 0 0 6 a0 02
00000384 3 0 0 7 88 02
00000384 3 0 0 7 90 02
00000384 3 0 0 8 a0 02
00000384 4 0 0 1 88 03
00000384 4 0 0 1 90 03
00000384 4 0 0 2 a0 03
00000384 4 0 0 3 88 03
00000384 4 0 0 3 90 03
00000384 4 0 0 4 a0 03
00000384 4 0 0 5 88 03
00000384 4 0 0 5 90 03
00000384 4 0 0 6 a0 03
00000384 4 0 0 7 88 03
00000384 4 0 0 7 90 03
00000384 4 0 0 8 a0 03
00000384 5 0 0 1 88 04
00000384 5 0 0 1 90 04
00000384 5 0 0 2 a0 04
00000384 5 0 0 3 88 04
00000384 5 0 0 3 90 04
00000384 5 0 0 4 a0 04
00000384 5 0 0 5 88 04
00000384 5 0 0 5 90 04
00000384 5 0 0 6 a0 04
00000384 5 0 0 7 88 04
00000384 5 0 0 7 90 04
00000384 5 0 0 8 a0 04
00000384 6 0 0 1 88 05
00000384 6 0 0 1 90 05
00000384 6 0 0 2 a0 05
00000384 6 0 0 3 88 05
00000384 6 0 0 3 90 05
00000384 6 0 0 4 a0 05
00000384 6 0 0 5 88 05
00000384 6 0 0 5 90 05
00000384 6 0 0 6 a0 05
00000384 6 0 0 7 88 05
00000384 6 0 0 7 90 05
00000384 6 0 0 8 a0 05

00000485 1 0 0 1 c8 00
00000485 1 0 0 1 d0 00
00000485 1 0 0 2 e0 00
00000485 1 0 0 3 c8 00
00000485 1 0 0 3 d0 00
00000485 1 0 0 4 e0 00
00000485 1 0 0 5 c8 00
00000485 1 0 0 5 d0 00
00000485 1 0 0 6 e0 00
00000485 1 0 0 7 c8 00
00000485 1 0 0 7 d0 00
00000485 1 0 0 8 e0 00
00000485 2 0 0 1 c8 01
00000485 2 0 0 1 d0 01
00000485 2 0 0 2 e0 01
00000485 2 0 0 3 c8 01
00000485 2 0 0 3 d0 01
00000485 2 0 0 4 e0 01
00000485 2 0 0 5 c8 01
00000485 2 0 0 5 d0 01
00000485 2 0 0 6 e0 01
00000485 2 0 0 7 c8 01
00000485 2 0 0 7 d0 01
00000485 2 0 0 8 e0 01
00000485 3 0 0 1 c8 02
00000485 3 0 0 1 d0 02
00000485 3 0 0 2 e0 02
00000485 3 0 0 3 c8 02
00000485 3 0 0 3 d0 02
00000485 3 0 0 4 e0 02
00000485 3 0 0 5 c8 02
00000485 3 0 0 5 d0 02
00000485 3 0 0 6 e0 02
00000485 3 0 0 7 c8 02
00000485 3 0 0 7 d0 02
00000485 3 0 0 8 e0 02
00000485 4 0 0 1 c8 03
00000485 4 0 0 1 d0 03
00000485 4 0 0 2 e0 03
00000485 4 0 0 3 c8 03
00000485 4 0 0 3 d0 03
00000485 4 0 0 4 e0 03
00000485 4 0 0 5 c8 03
00000485 4 0 0 5 d0 03
00000485 4 0 0 6 e0 03
00000485 4 0 0 7 c8 03
00000485 4 0 0 7 d0 03
00000485 4 0 0 8 e0 03
00000485 5 0 0 1 c8 04
00000485 5 0 0 1 d0 04
00000485 5 0 0 2 e0 04
00000485 5 0 0 3 c8 04
00000485 5 0 0 3 d0 04
00000485 5 0 0 4 e0 04
00000485 5 0 0 5 c8 04
00000485 5 0 0 5 d0 04
00000485 5 0 0 6 e0 04
00000485 5 0 0 7 c8 04
00000485 5 0 0 7 d0 04
00000485 5 0 0 8 e0 04
00000485 6 0 0 1 c8 05
00000485 6 0 0 1 d0 05
00000485 6 0 0 2 e0 05
00000485 6 0 0 3 c8 05
00000485 6 0 0 3 d0 05
00000485 6 0 0 4 e0 05
00000485 6 0 0 5 c8 05
00000485 6 0 0 5 d0 05
00000485 6 0 0 6 e0 05
00000485 6 0 0 7 c8 05
00000485 6 0 0 7 d0 05
00000485 6 0 0 8 e0 05

00000582 1 0 0 1 08 00
00000582 1 0 0 2 08 00
00000582 1 0 0 3 08 00
00000582 1 0 0 4 08 00
00000582 2 0 0 1 08 00
00000582 2 0 0 2 08 00
00000582 2 0 0 3 08 00
00000582 2 0 0 4 08 00
00000582 3 0 0 1 08 00
00000582 3 0 0 2 08 00
00000582 3 0 0 3 08 00
00000582 3 0 0 4 08 00
00000582 4 0 0 1 08 00
00000582 4 0 0 2 08 00
00000582 4 0 0 3 08 00
00000582 4 0 0 4 08 00
00000582 5 0 0 1 08 00
00000582 5 0 0 2 08 00
00000582 5 0 0 3 08 00
00000582 5 0 0 4 08 00
00000582 6 0 0 1 08 00
00000582 6 0 0 2 08 00
00000582 6 0 0 3 08 00
00000582 6 0 0 4 08 00
00000583 1 0 0 1 18 00
00000583 1 0 0 2 18 00
00000583 1 0 0 3 18 00
00000583 2 0 0 1 18 00
00000583 2 0 0 2 18 00
00000583 2 0 0 3 18 00
00000583 3 0 0 1 18 00
00000583 3 0 0 2 18 00
00000583 3 0 0 3 18 00
00000583 4 0 0 1 18 00
00000583 4 0 0 2 18 00
00000583 4 0 0 3 18 00
00000583 5 0 0 1 18 00
00000583 5 0 0 2 18 00
00000583 5 0 0 3 18 00
00000583 6 0 0 1 18 00
00000583 6 0 0 2 18 00
00000583 6 0 0 3 18 00
00000584 1 0 0 1 28 00
00000584 1 0 0 2 28 00
00000584 2 0 0 1 28 00
00000584 2 0 0 2 28 00
00000584 3 0 0 1 28 00
00000584 3 0 0 2 28 00
00000584 4 0 0 1 28 00
00000584 4 0 0 2 28 00
00000584 5 0 0 1 28 00
00000584 5 0 0 2 28 00
00000584 6 0 0 1 28 00
00000584 6 0 0 2 28 00
00000585 1 0 0 1 38 00
00000585 2 0 0 1 38 00
00000585 3 0 0 1 38 00
00000585 4 0 0 1 38 00
00000585 5 0 0 1 38 00
00000585 6 0 0 1 38 00

00000683 1 0 0 1 08 00
00000683 1 0 0 2 08 00
00000683 1 0 0 3 08 00
00000683 1 0 0 4 08 00
00000683 2 0 0 1 08 00
00000683 2 0 0 2 08 00
00000683 2 0 0 3 08 00
00000683 2 0 0 4 08 00
00000683 3 0 0 1 08 00
00000683 3 0 0 2 08 00
00000683 3 0 0 3 08 00
00000683 3 0 0 4 08 00
00000683 4 0 0 1 08 00
00000683 4 0 0 2 08 00
00000683 4 0 0 3 08 00
00000683 4 0 0 4 08 00
00000683 5 0 0 1 08 00
00000683 5 0 0 2 08 00
00000683 5 0 0 3 08 00
00000683 5 0 0 4 08 00
00000683 6 0 0 1 08 00
00000683 6 0 0 2 08 00
00000683 6 0 0 3 08 00
00000683 6 0 0 4 08 00
00000684 1 0 0 1 18 00
00000684 1 0 0 2 18 00
00000684 1 0 0 3 18 00
00000684 2 0 0 1 18 00
00000684 2 0 0 2 18 00
00000684 2 0 0 3 18 00
00000684 3 0 0 1 18 00
00000684 3 0 0 2 18 00
00000684 3 0 0 3 18 00
00000684 4 0 0 1 18 00
00000684 4 0 0 2 18 00
00000684 4 0 0 3 18 00
00000684 5 0 0 1 18 00
00000684 5 0 0 2 18 00
00000684 5 0 0 3 18 00
00000684 6 0 0 1 18 00
00000684 6 0 0 2 18 00
00000684 6 0 0 3 18 00
00000685 1 0 0 1 28 00
00000685 1 0 0 2 28 00
00000685 2 0 0 1 28 00
00000685 2 0 0 2 28 00
00000685 3 0 0 1 28 00
00000685 3 0 0 2 28 00
00000685 4 0 0 1 28 00
00000685 4 0 0 2 28 00
00000685 5 0 0 1 28 00
00000685 5 0 0 2 28 00
00000685 6 0 0 1 28 00
00000685 6 0 0 2 28 00
00000686 1 0 0 1 38 00
00000686 2 0 0 1 38 00
00000686 3 0 0 1 38 00
00000686 4 0 0 1 38 00
00000686 5 0 0 1 38 00
00000686 6 0 0 1 38 00

00000784 1 0 0 1 08 00
00000784 1 0 0 2 08 00
00000784 1 0 0 3 08 00
00000784 1 0 0 4 08 00
00000784 2 0 0 1 08 00
00000784 2 0 0 2 08 00
00000784 2 0 0 3 08 00
00000784 2 0 0 4 08 00
00000784 3 0 0 1 08 00
00000784 3 0 0 2 08 00
00000784 3 0 0 3 08 00
00000784 3 0 0 4 08 00
00000784 4 0 0 1 08 00
00000784 4 0 0 2 08 00
00000784 4 0 0 3 08 00
00000784 4 0 0 4 08 00
00000784 5 0 0 1 08 00
00000784 5 0 0 2 08 00
00000784 5 0 0 3 08 00
00000784 5 0 0 4 08 00
00000784 6 0 0 1 08 00
00000784 6 0 0 2 08 00
00000784 6 0 0 3 08 00
00000784 6 0 0 4 08 00
00000785 1 0 0 1 18 00
00000785 1 0 0 2 18 00
00000785 1 0 0 3 18 00
00000785 2 0 0 1 18 00
00000785 2 0 0 2 18 00
00000785 2 0 0 3 18 00
00000785 3 0 0 1 18 00
00000785 3 0 0 2 18 00
00000785 3 0 0 3 18 00
00000785 4 0 0 1 18 00
00000785 4 0 0 2 18 00
00000785 4 0 0 3 18 00
00000785 5 0 0 1 18 00
00000785 5 0 0 2 18 00
00000785 5 0 0 3 18 00
00000785 6 0 0 1 18 00
00000785 6 0 0 2 18 00
00000785 6 0 0 3 18 00
00000786 1 0 0 1 28 00
00000786 1 0 0 2 28 00
00000786 2 0 0 1 28 00
00000786 2 0 0 2 28 00
00000786 3 0 0 1 28 00
00000786 3 0 0 2 28 00
00000786 4 0 0 1 28 00
00000786 4 0 0 2 28 00
00000786 5 0 0 1 28 00
00000786 5 0 0 2 28 00
00000786 6 0 0 1 28 00
00000786 6 0 0 2 28 00
00000787 1 0 0 1 38 00
00000787 2 0 0 1 38 00
00000787 3 0 0 1 38 00
00000787 4 0 0 1 38 00
00000787 5 0 0 1 38 00
00000787 6 0 0 1 38 00

00000885 1 0 0 1 08 00
00000885 1 0 0 2 08 00
00000885 1 0 0 3 08 00
00000885 1 0 0 4 08 00
00000885 2 0 0 1 08 00
00000885 2 0 0 2 08 00
00000885 2 0 0 3 08 00
00000885 2 0 0 4 08 00
00000885 3 0 0 1 08 00
00000885 3 0 0 2 08 00
00000885 3 0 0 3 08 00
00000885 3 0 0 4 08 00
00000885 4 0 0 1 08 00
00000885 4 0 0 2 08 00
00000885 4 0 0 3 08 00
00000885 4 0 0 4 08 00
00000885 5 0 0 1 08 00
00000885 5 0 0 2 08 00
00000885 5 0 0 3 08 00
00000885 5 0 0 4 08 00
00000885 6 0 0 1 08 00
00000885 6 0 0 2 08 00
00000885 6 0 0 3 08 00
00000885 6 0 0 4 08 00
00000886 1 0 0 1 18 00
00000886 1 0 0 2 18 00
00000886 1 0 0 3 18 00
00000886 2 0 0 1 18 00
00000886 2 0 0 2 18 00
00000886 2 0 0 3 18 00
00000886 3 0 0 1 18 00
00000886 3 0 0 2 18 00
00000886 3 0 0 3 18 00
00000886 4 0 0 1 18 00
00000886 4 0 0 2 18 00
00000886 4 0 0 3 18 00
00000886 5 0 0 1 18 00
00000886 5 0 0 2 18 00
00000886 5 0 0 3 18 00
00000886 6 0 0 1 18 00
00000886 6 0 0 2 18 00
00000886 6 0 0 3 18 00
00000887 1 0 0 1 28 00
00000887 1 0 0 2 28 00
00000887 2 0 0 1 28 00
00000887 2 0 0 2 28 00
00000887 3 0 0 1 28 00
00000887 3 0 0 2 28 00
00000887 4 0 0 1 28 00
00000887 4 0 0 2 28 00
00000887 5 0 0 1 28 00
00000887 5 0 0 2 28 00
00000887 6 0 0 1 28 00
00000887 6 0 0 2 28 00
00000888 1 0 0 1 38 00
00000888 2 0 0 1 38 00
00000888 3 0 0 1 38 00
00000888 4 0 0 1 38 00
00000888 5 0 0 1 38 00
00000888 6 0 0 1 38 00

00000900 1 1 1 1 40 00

